1403638130.445096970 0.01823 0.01619 0.29706 0.81874 -0.00309 0.57131 -0.05711
1403638130.645097017 0.01660 0.02714 0.36563 0.81828 0.01076 0.57260 -0.04927
1403638130.745096922 0.01073 0.02980 0.40317 0.81015 -0.00178 0.58295 -0.06187
1403638130.845097065 0.01388 0.03092 0.43156 0.80686 -0.00832 0.58604 -0.07397
1403638130.995096922 0.00439 0.02714 0.45699 0.79595 -0.01555 0.60052 -0.07483
1403638131.095097065 -0.00573 0.03255 0.45103 0.78942 -0.01964 0.60933 -0.07177
1403638131.195096970 -0.00237 0.02475 0.42873 0.79785 -0.01008 0.59952 -0.06243
1403638131.245096922 0.00358 0.03633 0.40774 0.80441 -0.00224 0.59152 -0.05492
1403638131.345097065 0.00229 0.04393 0.37388 0.81152 0.00578 0.58228 -0.04846
1403638131.595097065 -0.01335 0.04506 0.27988 0.81518 0.00719 0.57788 -0.03851
1403638131.845097065 -0.01607 0.02650 0.17394 0.81805 0.01768 0.57446 -0.02186
1403638132.045097113 -0.02171 0.02105 0.11296 0.82287 0.03292 0.56723 -0.00698
1403638132.145097017 -0.02279 0.01775 0.11137 0.82781 0.04643 0.55908 -0.00115
1403638132.245096922 -0.02018 0.01406 0.13892 0.82329 0.04414 0.56584 -0.00822
1403638132.295097113 -0.01849 0.01268 0.16193 0.81893 0.03969 0.57232 -0.01515
1403638132.395097017 -0.01714 0.01468 0.21742 0.81446 0.03419 0.57854 -0.02782
1403638132.495096922 -0.01543 0.01601 0.27641 0.80611 0.02311 0.58943 -0.04717
1403638132.545097113 -0.01432 0.01508 0.30558 0.79875 0.01532 0.59875 -0.05716
1403638132.595097065 -0.01257 0.01534 0.33171 0.79202 0.00874 0.60690 -0.06552
1403638132.895097017 -0.00801 0.03944 0.41057 0.79016 -0.00506 0.60762 -0.08012
1403638132.995096922 -0.00726 0.03778 0.40584 0.78357 -0.00565 0.61519 -0.08675
1403638133.095097065 -0.00588 0.02732 0.38759 0.78851 0.00871 0.61010 -0.07714
1403638133.195096970 -0.00248 0.00540 0.36481 0.79291 0.01041 0.60570 -0.06561
1403638133.295097113 -0.00175 -0.02722 0.34157 0.79452 0.00045 0.60517 -0.05004
1403638133.345097065 -0.00310 -0.04789 0.32921 0.79752 -0.00316 0.60188 -0.04113
1403638133.395097017 -0.00497 -0.07048 0.31754 0.80064 -0.00682 0.59824 -0.03233
1403638133.445096970 -0.00818 -0.09523 0.30689 0.80308 -0.01221 0.59537 -0.02126
1403638133.495096922 -0.01220 -0.12104 0.29662 0.80381 -0.02072 0.59439 -0.01309
1403638133.545097113 -0.01687 -0.14638 0.28769 0.80405 -0.03220 0.59365 -0.00708
1403638133.595097065 -0.02282 -0.17049 0.27900 0.80535 -0.04312 0.59121 -0.00523
1403638133.695096970 -0.03697 -0.21476 0.26168 0.80880 -0.06070 0.58493 -0.00392
1403638133.745096922 -0.04458 -0.23558 0.25381 0.81018 -0.06834 0.58217 0.00199
1403638133.795097113 -0.05134 -0.25388 0.24643 0.81059 -0.07469 0.58074 0.01008
1403638133.845097065 -0.05571 -0.27141 0.23830 0.81172 -0.07872 0.57838 0.01978
1403638133.945096970 -0.05606 -0.29153 0.22430 0.81292 -0.08622 0.57515 0.03058
1403638134.295097113 0.03182 -0.22532 0.22490 0.80719 -0.08444 0.58317 0.03499
1403638134.445096970 0.08063 -0.17077 0.23414 0.81021 -0.09047 0.57870 0.02174
1403638134.595097065 0.12979 -0.10676 0.23362 0.80808 -0.09730 0.58093 0.00724
1403638134.745096922 0.15950 -0.03724 0.23640 0.81491 -0.09323 0.57204 -0.00100
1403638134.845097065 0.16810 0.00352 0.24698 0.82090 -0.08666 0.56446 0.00011
1403638135.145097017 0.17877 0.10021 0.25558 0.82302 -0.07287 0.56331 0.00350
1403638135.445096970 0.15541 0.08596 0.23156 0.82463 -0.06869 0.56129 0.01476
1403638135.545097113 0.14341 0.06773 0.21604 0.82895 -0.06835 0.55473 0.02104
1403638135.645097017 0.13195 0.03437 0.21016 0.82968 -0.07067 0.55292 0.03019
1403638135.745096922 0.11828 -0.00253 0.21488 0.82361 -0.08534 0.55992 0.02964
1403638135.895097017 0.08828 -0.04436 0.20572 0.82855 -0.08583 0.55198 0.03811
1403638135.995096922 0.06582 -0.07641 0.21273 0.83391 -0.08139 0.54362 0.04953
1403638136.095097065 0.04416 -0.11320 0.23103 0.82665 -0.08708 0.55288 0.05821
1403638136.145097017 0.03417 -0.13551 0.23916 0.82120 -0.09425 0.55987 0.05744
1403638136.245096922 0.00938 -0.17867 0.24743 0.81448 -0.10449 0.56790 0.05642
1403638136.345097065 -0.01408 -0.21913 0.24368 0.81442 -0.10645 0.56637 0.06788
1403638136.445096970 -0.03343 -0.24651 0.23522 0.81722 -0.10694 0.56128 0.07536
1403638136.695096970 -0.03682 -0.23198 0.24313 0.81731 -0.12203 0.56010 0.05823
1403638136.795097113 -0.03651 -0.19994 0.26936 0.81697 -0.11800 0.56298 0.04113
1403638136.845097065 -0.03356 -0.18189 0.27892 0.81437 -0.11756 0.56758 0.02902
1403638136.895097017 -0.02680 -0.16194 0.28169 0.80961 -0.11939 0.57448 0.01600
1403638136.945096970 -0.01997 -0.14219 0.28566 0.80372 -0.12149 0.58245 0.00480
1403638137.045097113 -0.01103 -0.10225 0.27200 0.79823 -0.12083 0.59003 -0.00917
1403638137.145097017 -0.00179 -0.06813 0.24247 0.80343 -0.11030 0.58502 -0.00864
1403638137.245096922 0.00346 -0.04171 0.20660 0.81340 -0.09532 0.57381 -0.00532
1403638137.345097065 0.00259 -0.02515 0.17087 0.81982 -0.08517 0.56624 -0.00469
1403638137.445096970 0.00217 -0.01259 0.13181 0.82615 -0.07792 0.55803 0.00268
1403638137.495096922 0.00209 -0.01538 0.11909 0.83047 -0.07334 0.55215 0.00901
1403638137.545097113 0.00468 -0.00215 0.09845 0.83545 -0.06788 0.54514 0.01555
1403638137.595097065 0.00716 0.00311 0.08447 0.83919 -0.06244 0.53971 0.02403
1403638137.695096970 0.00991 -0.00010 0.06107 0.83986 -0.06251 0.53823 0.03221
1403638137.795097113 0.00706 0.00743 0.04467 0.83901 -0.06778 0.53878 0.03459
1403638137.845097065 0.00620 0.00945 0.03820 0.84087 -0.06710 0.53578 0.03704
1403638137.895097017 0.00517 0.01089 0.03320 0.84461 -0.06403 0.52997 0.04071
1403638137.945096970 0.00453 0.01200 0.02902 0.84938 -0.05993 0.52246 0.04465
1403638137.995096922 0.00419 0.01461 0.02594 0.85321 -0.05615 0.51647 0.04627
1403638138.045097113 0.00440 0.01611 0.02417 0.85441 -0.05328 0.51465 0.04771
1403638138.195096970 0.00423 0.01620 0.02326 0.84554 -0.06053 0.52861 0.04447
1403638138.395097017 0.00274 0.01693 0.02305 0.83718 -0.06411 0.54149 0.04259
1403638147.795097113 0.00530 0.01741 0.02597 0.83375 -0.06083 0.54759 0.03604
1403638147.845097065 0.00750 0.01728 0.02831 0.83097 -0.06241 0.55154 0.03749
1403638147.895097017 0.01097 0.01729 0.03318 0.82649 -0.06354 0.55801 0.03877
1403638147.945096970 0.01523 0.01731 0.03875 0.82274 -0.06454 0.56334 0.03982
1403638147.995096922 0.01989 0.01684 0.04551 0.81979 -0.06553 0.56752 0.03955
1403638148.045097113 0.02514 0.01629 0.05340 0.81699 -0.06482 0.57153 0.04089
1403638148.095097065 0.03189 0.01799 0.07320 0.81467 -0.06483 0.57487 0.04042
1403638148.145097017 0.03563 0.01711 0.07706 0.81306 -0.06304 0.57728 0.04142
1403638148.245096922 0.04329 0.01110 0.10880 0.81150 -0.06068 0.57981 0.04013
1403638148.345097065 0.05680 0.01172 0.15255 0.81087 -0.05771 0.58108 0.03880
1403638148.495096922 0.06295 0.02307 0.20940 0.81517 -0.05320 0.57551 0.03825
1403638148.645097017 0.07748 0.02296 0.21866 0.82129 -0.04959 0.56707 0.03824
1403638148.895097017 0.10871 0.02896 0.21148 0.82613 -0.04650 0.56049 0.03457
1403638149.045097113 0.13600 0.03593 0.23481 0.82228 -0.04470 0.56634 0.03332
1403638149.195096970 0.16862 0.04504 0.28098 0.81826 -0.04358 0.57221 0.03348
1403638149.445096970 0.23556 0.05625 0.35584 0.81532 -0.04553 0.57637 0.03116
1403638149.745096922 0.29500 0.08444 0.39234 0.81507 -0.03625 0.57746 0.02954
1403638149.945096970 0.34220 0.10177 0.39813 0.81574 -0.02892 0.57716 0.02478
1403638150.245096922 0.41626 0.14713 0.37608 0.81595 -0.01237 0.57642 0.04256
1403638150.395097017 0.45350 0.18057 0.35183 0.82144 -0.01351 0.56875 0.03970
1403638150.495096922 0.48261 0.21344 0.33567 0.82716 -0.01383 0.56108 0.02846
1403638150.595097065 0.51330 0.24829 0.32543 0.83088 -0.00963 0.55599 0.02039
1403638150.695096970 0.54699 0.28519 0.32678 0.83115 -0.00557 0.55583 0.01431
1403638150.795097113 0.58975 0.32352 0.33440 0.83007 0.00110 0.55756 0.01072
1403638150.895097017 0.64469 0.36759 0.34103 0.82757 0.01046 0.56122 0.00664
1403638150.995096922 0.68274 0.40646 0.35568 0.82333 0.01870 0.56724 0.00268
1403638151.095097065 0.72772 0.45311 0.35976 0.82119 0.03099 0.56980 -0.00308
1403638151.145097017 0.75660 0.47408 0.35448 0.81963 0.03951 0.57150 -0.00681
1403638151.195096970 0.77929 0.50197 0.35998 0.81898 0.04847 0.57164 -0.01241
1403638151.245096922 0.80027 0.52314 0.35471 0.81903 0.05784 0.57050 -0.01958
1403638151.295097113 0.82664 0.55716 0.34624 0.81881 0.06742 0.56947 -0.02658
1403638151.345097065 0.84702 0.57160 0.34468 0.81853 0.07773 0.56818 -0.03368
1403638151.395097017 0.86949 0.59554 0.34093 0.81764 0.08775 0.56745 -0.04195
1403638151.445096970 0.88528 0.62916 0.33784 0.81673 0.09705 0.56654 -0.05072
1403638151.495096922 0.91357 0.64524 0.33504 0.81548 0.10724 0.56581 -0.05793
1403638151.545097113 0.93074 0.66496 0.32478 0.81422 0.11589 0.56513 -0.06505
1403638151.595097065 0.95823 0.69605 0.33642 0.81340 0.12390 0.56395 -0.07060
1403638151.645097017 0.97829 0.72165 0.34034 0.81206 0.13057 0.56372 -0.07577
1403638151.745096922 1.01179 0.76639 0.35017 0.81049 0.14119 0.56247 -0.08249
1403638151.845097065 1.06050 0.83063 0.37133 0.81010 0.14802 0.56060 -0.08688
1403638151.995096922 1.12545 0.92071 0.41362 0.81004 0.15394 0.55892 -0.08802
1403638152.295097113 1.25368 1.11848 0.47195 0.80987 0.15685 0.55877 -0.08538
1403638152.645097017 1.39673 1.38610 0.46568 0.81112 0.15720 0.55748 -0.08120
1403638152.745096922 1.43319 1.46974 0.46036 0.81121 0.15890 0.55587 -0.08774
1403638152.845097065 1.47302 1.55762 0.46413 0.80859 0.16363 0.55650 -0.09855
1403638152.895097017 1.49261 1.60153 0.46905 0.80583 0.16716 0.55828 -0.10496
1403638152.945096970 1.51244 1.64565 0.47514 0.80311 0.17258 0.55945 -0.11069
1403638152.995096922 1.53328 1.69054 0.48262 0.80173 0.17880 0.55835 -0.11617
1403638153.045097113 1.55312 1.73360 0.49231 0.80153 0.18536 0.55548 -0.12099
1403638153.095097065 1.57593 1.77995 0.50429 0.80208 0.19115 0.55182 -0.12500
1403638153.195096970 1.61885 1.86881 0.52529 0.80269 0.20097 0.54615 -0.13045
1403638153.295097113 1.66357 1.95659 0.54204 0.80188 0.20965 0.54324 -0.13391
1403638153.395097017 1.70861 2.04506 0.55311 0.80006 0.22024 0.54011 -0.14030
1403638153.445096970 1.73088 2.08830 0.55828 0.79844 0.22770 0.53884 -0.14250
1403638153.495096922 1.75313 2.13207 0.56413 0.79636 0.23700 0.53779 -0.14290
1403638153.545097113 1.77609 2.17717 0.57163 0.79418 0.24688 0.53643 -0.14344
1403638153.595097065 1.79880 2.22314 0.58073 0.79194 0.25598 0.53472 -0.14620
1403638153.645097017 1.82123 2.27081 0.59170 0.78902 0.26527 0.53363 -0.14939
1403638153.695096970 1.84405 2.32001 0.60279 0.78610 0.27324 0.53220 -0.15541
1403638153.745096922 1.86677 2.37032 0.61333 0.78262 0.27966 0.53160 -0.16339
1403638153.795097113 1.89030 2.42175 0.62226 0.77955 0.28638 0.53084 -0.16881
1403638153.845097065 1.91410 2.47442 0.63000 0.77657 0.29179 0.53039 -0.17458
1403638153.895097017 1.93727 2.52717 0.63649 0.77353 0.29590 0.53088 -0.17961
1403638153.945096970 1.96054 2.58069 0.64147 0.77026 0.29833 0.53238 -0.18514
1403638154.045097113 2.00571 2.69073 0.64508 0.76673 0.30139 0.53289 -0.19314
1403638154.145097017 2.04953 2.80201 0.64394 0.76207 0.30399 0.53678 -0.19673
1403638154.245096922 2.09259 2.91568 0.63939 0.75719 0.30550 0.54249 -0.19759
1403638154.395097017 2.14985 3.08655 0.62649 0.75030 0.30315 0.55221 -0.20052
1403638154.545097113 2.19711 3.25741 0.60818 0.74740 0.29953 0.55708 -0.20332
1403638154.645097017 2.21815 3.36718 0.60187 0.74921 0.30155 0.55257 -0.20597
1403638154.745096922 2.23329 3.47547 0.60266 0.75144 0.30928 0.54459 -0.20759
1403638154.845097065 2.24357 3.58196 0.61086 0.75117 0.31921 0.53969 -0.20637
1403638154.945096970 2.25112 3.68969 0.62659 0.74879 0.32864 0.53739 -0.20621
1403638155.045097113 2.25069 3.79488 0.64992 0.74387 0.33793 0.53652 -0.21121
1403638155.095097065 2.24784 3.84639 0.66328 0.74127 0.34316 0.53548 -0.21452
1403638155.145097017 2.24432 3.89865 0.67643 0.73811 0.34738 0.53541 -0.21874
1403638155.245096922 2.23682 4.00947 0.69789 0.73273 0.35297 0.53563 -0.22721
1403638155.345097065 2.22417 4.11900 0.71243 0.72631 0.35857 0.53837 -0.23249
1403638155.445096970 2.20622 4.22869 0.72059 0.71887 0.36705 0.54042 -0.23760
1403638155.495096922 2.19419 4.28005 0.72160 0.71596 0.37208 0.53958 -0.24046
1403638155.545097113 2.18077 4.33236 0.72087 0.71328 0.37545 0.53761 -0.24749
1403638155.595097065 2.16624 4.38556 0.71893 0.71060 0.37914 0.53525 -0.25457
1403638155.645097017 2.15016 4.43815 0.71641 0.70682 0.38251 0.53327 -0.26402
1403638155.695096970 2.13246 4.48873 0.71275 0.70210 0.38729 0.53153 -0.27303
1403638155.745096922 2.11373 4.53887 0.70791 0.69808 0.39294 0.52842 -0.28118
1403638155.795097113 2.09370 4.58769 0.70208 0.69406 0.40018 0.52456 -0.28805
1403638155.845097065 2.07255 4.63463 0.69503 0.69051 0.40736 0.51949 -0.29560
1403638155.895097017 2.05027 4.68045 0.68720 0.68773 0.41650 0.51255 -0.30142
1403638155.945096970 2.02693 4.72437 0.67997 0.68564 0.42659 0.50376 -0.30682
1403638155.995096922 2.00265 4.76722 0.67399 0.68340 0.43776 0.49422 -0.31156
1403638156.045097113 1.97814 4.80929 0.67033 0.68086 0.44919 0.48465 -0.31585
1403638156.095097065 1.95317 4.85023 0.66904 0.67796 0.46022 0.47513 -0.32065
1403638156.145097017 1.92772 4.88993 0.66998 0.67395 0.46915 0.46818 -0.32633
1403638156.195096970 1.90261 4.92958 0.67316 0.67031 0.47636 0.46156 -0.33276
1403638156.245096922 1.87783 4.96979 0.67789 0.66618 0.48450 0.45570 -0.33733
1403638156.295097113 1.85346 5.01014 0.68348 0.66326 0.49250 0.44867 -0.34092
1403638156.345097065 1.82980 5.05087 0.68893 0.66050 0.49935 0.44285 -0.34391
1403638156.395097017 1.80683 5.09140 0.69301 0.65839 0.50419 0.43785 -0.34728
1403638156.495096922 1.76301 5.17547 0.69592 0.65548 0.51181 0.43022 -0.35116
1403638156.595097065 1.72268 5.26241 0.69261 0.65262 0.51579 0.42728 -0.35422
1403638156.795097113 1.65164 5.44841 0.66843 0.65131 0.51837 0.42575 -0.35473
1403638157.095097065 1.56491 5.75723 0.62983 0.65661 0.51573 0.42557 -0.34896
1403638157.345097065 1.51369 6.04447 0.64137 0.65837 0.51591 0.42561 -0.34532
1403638157.495096922 1.48874 6.22721 0.65498 0.65048 0.52025 0.43164 -0.34628
1403638157.595097065 1.47253 6.35172 0.65805 0.64173 0.52502 0.43398 -0.35243
1403638157.695096970 1.45674 6.47440 0.65729 0.62812 0.53398 0.43667 -0.36006
1403638157.745096922 1.44867 6.53540 0.65820 0.62068 0.54031 0.43652 -0.36369
1403638157.795097113 1.44046 6.59607 0.66054 0.61388 0.54682 0.43419 -0.36827
1403638157.845097065 1.43174 6.65537 0.66556 0.60718 0.55328 0.43018 -0.37438
1403638157.895097017 1.42208 6.71489 0.67329 0.60076 0.55921 0.42564 -0.38106
1403638157.945096970 1.41228 6.77950 0.68214 0.59487 0.56537 0.42052 -0.38685
1403638157.995096922 1.40287 6.84094 0.69148 0.58917 0.57099 0.41683 -0.39130
1403638158.045097113 1.39297 6.89876 0.69965 0.58644 0.57602 0.40955 -0.39568
1403638158.095097065 1.38240 6.95664 0.70709 0.58386 0.57922 0.40356 -0.40093
1403638158.195096970 1.36131 7.07687 0.71754 0.58034 0.58319 0.39391 -0.40980
1403638158.295097113 1.34270 7.19482 0.72257 0.57571 0.58708 0.39110 -0.41344
1403638158.495096922 1.30850 7.43297 0.72041 0.56768 0.59430 0.39551 -0.41003
1403638158.645097017 1.28121 7.60466 0.71007 0.56448 0.59501 0.40082 -0.40825
1403638158.845097065 1.23660 7.83784 0.69722 0.57341 0.59086 0.39237 -0.41004
1403638159.045097113 1.19118 8.06163 0.71090 0.58451 0.59178 0.38048 -0.40420
1403638159.145097017 1.16997 8.17472 0.72827 0.59175 0.59573 0.37183 -0.39584
1403638159.345097065 1.13396 8.42259 0.75211 0.59256 0.59182 0.37443 -0.39803
1403638159.395097017 1.12642 8.48466 0.75692 0.58873 0.58653 0.38085 -0.40538
1403638159.445096970 1.11976 8.54845 0.76141 0.58431 0.58010 0.38808 -0.41408
1403638159.495096922 1.11328 8.61579 0.76840 0.58071 0.57319 0.39363 -0.42343
1403638159.545097113 1.10809 8.68480 0.77638 0.57836 0.56569 0.39680 -0.43365
1403638159.595097065 1.10415 8.75341 0.78547 0.57811 0.55849 0.39664 -0.44334
1403638159.695096970 1.10199 8.87698 0.80886 0.57796 0.54829 0.39527 -0.45728
1403638159.845097065 1.11749 9.04205 0.85759 0.57413 0.54795 0.39945 -0.45887
1403638159.945096970 1.14111 9.12969 0.89921 0.56738 0.55694 0.40918 -0.44774
1403638160.095097065 1.18234 9.23952 0.97851 0.56328 0.56666 0.41298 -0.43710
1403638160.245096922 1.22637 9.33176 1.07380 0.57055 0.58041 0.40047 -0.42097
1403638160.345097065 1.25735 9.38907 1.14700 0.57582 0.58840 0.39131 -0.41121
1403638160.695096970 1.36178 9.61711 1.39638 0.58011 0.59310 0.38451 -0.40480
1403638160.795097113 1.39240 9.68234 1.45577 0.58014 0.58634 0.38561 -0.41345
1403638160.845097065 1.41074 9.71470 1.48340 0.58021 0.57985 0.38895 -0.41935
1403638160.895097017 1.42907 9.74790 1.51144 0.58150 0.57190 0.39299 -0.42469
1403638160.945096970 1.44873 9.78041 1.53872 0.58306 0.56398 0.39882 -0.42768
1403638160.995096922 1.46954 9.81250 1.56505 0.58572 0.55711 0.40445 -0.42776
1403638161.045097113 1.49130 9.84317 1.59075 0.58948 0.55027 0.40987 -0.42628
1403638161.095097065 1.51380 9.87309 1.61572 0.59450 0.54376 0.41438 -0.42330
1403638161.145097017 1.53656 9.90101 1.63979 0.59986 0.53846 0.41953 -0.41740
1403638161.195096970 1.55953 9.92803 1.66337 0.60675 0.53258 0.42412 -0.41029
1403638161.245096922 1.58406 9.95436 1.68608 0.61456 0.52638 0.42843 -0.40210
1403638161.295097113 1.60880 9.98076 1.70942 0.62252 0.51884 0.43308 -0.39460
1403638161.345097065 1.63380 10.00584 1.73328 0.63077 0.51185 0.43697 -0.38625
1403638161.395097017 1.65809 10.02943 1.75652 0.63900 0.50658 0.43849 -0.37787
1403638161.445096970 1.68837 10.04858 1.77278 0.64662 0.50252 0.43917 -0.36943
1403638161.495096922 1.70743 10.07608 1.80239 0.65295 0.49981 0.43950 -0.36150
1403638161.595097065 1.75813 10.12389 1.84228 0.66247 0.49349 0.44042 -0.35161
1403638161.695096970 1.80866 10.17295 1.87692 0.66973 0.48650 0.43997 -0.34814
1403638161.795097113 1.86279 10.22225 1.90634 0.67314 0.47898 0.44238 -0.34896
1403638161.895097017 1.92060 10.27122 1.93232 0.67432 0.47060 0.45010 -0.34820
1403638161.995096922 1.97978 10.31839 1.95262 0.67784 0.46297 0.45576 -0.34420
1403638162.095097065 2.03121 10.36787 1.97872 0.68124 0.45762 0.45837 -0.34116
1403638162.295097113 2.17403 10.45393 2.03850 0.69089 0.45113 0.45260 -0.33808
1403638162.495096922 2.33347 10.53991 2.08567 0.69185 0.44549 0.45392 -0.34182
1403638162.645097017 2.44486 10.59895 2.11734 0.68866 0.45000 0.45816 -0.33665
1403638162.845097065 2.62079 10.67352 2.18692 0.69090 0.45159 0.45669 -0.33188
1403638162.945096970 2.71491 10.70899 2.22934 0.69343 0.44236 0.45822 -0.33691
1403638162.995096922 2.76257 10.72668 2.25225 0.69192 0.43806 0.46303 -0.33905
1403638163.045097113 2.81005 10.74407 2.27545 0.69055 0.43362 0.46751 -0.34139
1403638163.145097017 2.91041 10.77553 2.30998 0.69176 0.42528 0.47354 -0.34112
1403638163.245096922 3.01393 10.80178 2.32679 0.69652 0.42011 0.47838 -0.33093
1403638163.295097113 3.06733 10.81443 2.33262 0.69939 0.41705 0.48127 -0.32451
1403638163.345097065 3.12128 10.82634 2.33706 0.70207 0.41302 0.48516 -0.31801
1403638163.395097017 3.17483 10.83691 2.34126 0.70489 0.40844 0.48923 -0.31137
1403638163.445096970 3.22927 10.84674 2.34482 0.70799 0.40260 0.49302 -0.30594
1403638163.495096922 3.28506 10.85539 2.34774 0.71148 0.39779 0.49494 -0.30098
1403638163.545097113 3.33875 10.86316 2.35349 0.71368 0.39282 0.49786 -0.29747
1403638163.645097017 3.43831 10.87694 2.36707 0.71820 0.38667 0.49976 -0.29141
1403638163.745096922 3.54835 10.88759 2.38887 0.72047 0.38256 0.50201 -0.28731
1403638163.845097065 3.66109 10.89467 2.41886 0.72104 0.37924 0.50403 -0.28676
1403638164.045097113 3.85406 10.90331 2.50091 0.72523 0.37427 0.49853 -0.29230
1403638164.195096970 4.00855 10.90100 2.57596 0.72544 0.37126 0.49601 -0.29978
1403638164.345097065 4.16768 10.88880 2.64486 0.72262 0.37018 0.49750 -0.30542
1403638164.495096922 4.33088 10.86433 2.69884 0.72162 0.37081 0.49654 -0.30857
1403638164.645097017 4.49837 10.83228 2.75446 0.72324 0.36754 0.49456 -0.31185
1403638164.745096922 4.61049 10.79960 2.76755 0.72415 0.36460 0.49922 -0.30571
1403638164.795097113 4.66725 10.78223 2.77825 0.72221 0.36573 0.50508 -0.29925
1403638164.845097065 4.72490 10.76303 2.78768 0.71944 0.36748 0.51195 -0.29200
1403638164.895097017 4.78605 10.74360 2.80443 0.71690 0.36879 0.51826 -0.28540
1403638164.995096922 4.87957 10.69508 2.79840 0.71474 0.36560 0.52539 -0.28188
1403638165.095097065 5.00201 10.65749 2.81497 0.71738 0.35229 0.52742 -0.28826
1403638165.195096970 5.11008 10.60819 2.81674 0.72511 0.34543 0.52268 -0.28584
1403638165.245096922 5.16237 10.58199 2.81467 0.73060 0.34490 0.51777 -0.28140
1403638165.295097113 5.21436 10.55531 2.81059 0.73673 0.34392 0.51135 -0.27833
1403638165.395097017 5.32223 10.49989 2.80313 0.74368 0.33814 0.50549 -0.27765
1403638165.495096922 5.42942 10.43946 2.79277 0.74140 0.33442 0.51195 -0.27640
1403638165.545097113 5.48240 10.40656 2.78461 0.73789 0.33289 0.51840 -0.27563
1403638165.595097065 5.53645 10.37739 2.77894 0.73356 0.33083 0.52557 -0.27605
1403638165.645097017 5.59599 10.35352 2.76949 0.72835 0.33069 0.53379 -0.27427
1403638165.695096970 5.63953 10.31098 2.75968 0.72441 0.32950 0.53985 -0.27427
1403638165.745096922 5.68861 10.27537 2.74767 0.72128 0.33005 0.54485 -0.27195
1403638165.845097065 5.78456 10.19752 2.72042 0.72373 0.33341 0.54215 -0.26668
1403638165.895097017 5.82870 10.15728 2.70707 0.72709 0.33534 0.53765 -0.26424
1403638165.945096970 5.87134 10.11407 2.69573 0.72987 0.33767 0.53389 -0.26120
1403638165.995096922 5.91408 10.07083 2.68676 0.73334 0.33980 0.52883 -0.25902
1403638166.045097113 5.95630 10.02687 2.68034 0.73707 0.34157 0.52336 -0.25721
1403638166.095097065 5.99830 9.98272 2.67747 0.73874 0.34504 0.52068 -0.25317
1403638166.195096970 6.08178 9.89433 2.68091 0.74010 0.35038 0.51730 -0.24877
1403638166.295097113 6.16345 9.80995 2.70344 0.73918 0.35412 0.51673 -0.24738
1403638166.395097017 6.23873 9.72725 2.74949 0.73816 0.35765 0.51670 -0.24542
1403638166.495096922 6.30907 9.64803 2.80124 0.73800 0.35986 0.51583 -0.24448
1403638166.595097065 6.37584 9.57345 2.84841 0.73731 0.36020 0.51575 -0.24623
1403638166.745096922 6.47533 9.46572 2.90319 0.73954 0.35771 0.51129 -0.25240
1403638166.845097065 6.53983 9.39769 2.92872 0.74761 0.35289 0.49869 -0.26049
1403638166.945096970 6.60918 9.33058 2.94517 0.75828 0.35132 0.48189 -0.26336
1403638167.045097113 6.68292 9.26781 2.95930 0.76385 0.35444 0.47329 -0.25865
1403638167.145097017 6.76554 9.21057 2.97669 0.76414 0.35890 0.47274 -0.25258
1403638167.245096922 6.85725 9.16052 3.00230 0.76167 0.36280 0.47650 -0.24734
1403638167.345097065 6.95735 9.11555 3.03524 0.75900 0.36412 0.48074 -0.24542
1403638167.445096970 7.05774 9.07100 3.07943 0.75764 0.36255 0.48347 -0.24656
1403638167.545097113 7.17228 9.04042 3.10082 0.75475 0.35887 0.48859 -0.25071
1403638167.645097017 7.28549 9.01073 3.11949 0.75356 0.34974 0.49219 -0.25996
1403638167.745096922 7.40083 8.97810 3.13556 0.75530 0.33801 0.49531 -0.26445
1403638167.795097113 7.45892 8.96027 3.14538 0.75736 0.33082 0.49621 -0.26597
1403638167.845097065 7.51914 8.94471 3.14933 0.76024 0.32345 0.49676 -0.26580
1403638167.895097017 7.58120 8.92751 3.15376 0.76246 0.31635 0.49894 -0.26390
1403638167.945096970 7.64389 8.90937 3.15775 0.76465 0.30910 0.50127 -0.26174
1403638167.995096922 7.70764 8.89039 3.16085 0.76717 0.30250 0.50370 -0.25734
1403638168.045097113 7.77301 8.87102 3.16452 0.76899 0.29620 0.50630 -0.25411
1403638168.095097065 7.83966 8.85155 3.16961 0.77076 0.29001 0.50830 -0.25190
1403638168.145097017 7.90629 8.83035 3.17638 0.77242 0.28562 0.51058 -0.24717
1403638168.195096970 7.97343 8.80755 3.18508 0.77389 0.27981 0.51331 -0.24354
1403638168.245096922 8.04155 8.78314 3.19562 0.77584 0.27603 0.51590 -0.23606
1403638168.295097113 8.11025 8.75734 3.20731 0.77793 0.27097 0.51830 -0.22969
1403638168.345097065 8.17978 8.73092 3.22079 0.77955 0.26551 0.52161 -0.22301
1403638168.395097017 8.24990 8.70436 3.23635 0.78092 0.25903 0.52516 -0.21745
1403638168.445096970 8.32071 8.67685 3.25290 0.78249 0.25538 0.52789 -0.20934
1403638168.495096922 8.39100 8.64949 3.26837 0.78511 0.25378 0.52823 -0.20043
1403638168.545097113 8.46174 8.62254 3.28245 0.78747 0.25392 0.52825 -0.19071
1403638168.595097065 8.53243 8.59630 3.29444 0.79062 0.25471 0.52639 -0.18151
1403638168.645097017 8.60352 8.57086 3.30492 0.79263 0.25559 0.52573 -0.17325
1403638168.695096970 8.67483 8.54649 3.31345 0.79443 0.25640 0.52479 -0.16655
1403638168.795097113 8.81854 8.50225 3.32479 0.79645 0.25664 0.52366 -0.15993
1403638168.895097017 8.96371 8.46409 3.33018 0.79788 0.25766 0.52223 -0.15583
1403638169.045097113 9.18373 8.42180 3.32918 0.79528 0.25919 0.52498 -0.15731
1403638169.145097017 9.33018 8.40269 3.32373 0.78979 0.25593 0.53172 -0.16735
1403638169.245096922 9.47618 8.38644 3.31224 0.78731 0.24962 0.53417 -0.18027
1403638169.345097065 9.62208 8.37116 3.29551 0.78541 0.23383 0.53858 -0.19592
1403638169.445096970 9.77013 8.35215 3.27571 0.78367 0.21444 0.54540 -0.20596
1403638169.495096922 9.84530 8.33989 3.26662 0.78365 0.20548 0.54880 -0.20613
1403638169.545097113 9.92081 8.32530 3.25952 0.78345 0.19767 0.55265 -0.20422
1403638169.595097065 9.99563 8.30672 3.25438 0.78441 0.19034 0.55576 -0.19901
1403638169.645097017 10.06849 8.28576 3.25038 0.78588 0.18411 0.55859 -0.19100
1403638169.695096970 10.13999 8.26284 3.24741 0.78833 0.17924 0.56037 -0.17999
1403638169.745096922 10.21107 8.23792 3.24647 0.79051 0.17289 0.56248 -0.16979
1403638169.795097113 10.28122 8.21043 3.24745 0.79221 0.16845 0.56549 -0.15572
1403638169.845097065 10.35016 8.18175 3.25079 0.79410 0.16390 0.56806 -0.14085
1403638169.895097017 10.41878 8.15223 3.25601 0.79542 0.15826 0.57110 -0.12694
1403638169.945096970 10.48582 8.12251 3.26324 0.79433 0.15248 0.57708 -0.11300
1403638169.995096922 10.55166 8.09337 3.27247 0.79250 0.14454 0.58362 -0.10218
1403638170.045097113 10.61645 8.06439 3.28166 0.79083 0.13436 0.58956 -0.09460
1403638170.095097065 10.67981 8.03583 3.29001 0.79020 0.12339 0.59378 -0.08829
1403638170.145097017 10.74107 8.00798 3.29639 0.79132 0.11092 0.59543 -0.08350
1403638170.195096970 10.80072 7.98018 3.30107 0.79274 0.09810 0.59640 -0.07906
1403638170.245096922 10.85758 7.95236 3.30397 0.79451 0.08531 0.59656 -0.07473
1403638170.295097113 10.91297 7.92424 3.30529 0.79643 0.07183 0.59618 -0.07150
1403638170.345097065 10.96605 7.89571 3.30472 0.79894 0.05939 0.59473 -0.06683
1403638170.395097017 11.01732 7.86686 3.30280 0.80184 0.04716 0.59248 -0.06158
1403638170.445096970 11.06726 7.83718 3.30043 0.80427 0.03581 0.59058 -0.05558
1403638170.495096922 11.11547 7.80690 3.29776 0.80598 0.02305 0.58917 -0.05234
1403638170.545097113 11.16319 7.77581 3.29673 0.80584 0.00982 0.58988 -0.05072
1403638170.595097065 11.20992 7.74314 3.29761 0.80499 -0.00254 0.59135 -0.04787
1403638170.645097017 11.25509 7.70860 3.30100 0.80300 -0.01371 0.59425 -0.04322
1403638170.695096970 11.29756 7.67229 3.30636 0.80124 -0.02439 0.59662 -0.03825
1403638170.745096922 11.33693 7.63449 3.31292 0.80094 -0.03375 0.59692 -0.03229
1403638170.795097113 11.37378 7.59523 3.32094 0.79992 -0.04301 0.59800 -0.02594
1403638170.845097065 11.40804 7.55444 3.32930 0.79973 -0.05177 0.59781 -0.01937
1403638170.895097017 11.43923 7.51243 3.33661 0.79940 -0.05975 0.59771 -0.01150
1403638170.945096970 11.46609 7.46948 3.34207 0.79929 -0.06824 0.59704 -0.00420
1403638170.995096922 11.49072 7.42531 3.34620 0.79826 -0.07662 0.59741 0.00323
1403638171.045097113 11.51284 7.38035 3.34848 0.79663 -0.08498 0.59839 0.00949
1403638171.095097065 11.53245 7.33510 3.34975 0.79534 -0.09256 0.59887 0.01468
1403638171.145097017 11.54965 7.28923 3.35055 0.79386 -0.09889 0.59970 0.01934
1403638171.195096970 11.56483 7.24255 3.35055 0.79251 -0.10513 0.60033 0.02207
1403638171.295097113 11.59384 7.14561 3.34976 0.79027 -0.11382 0.60148 0.02722
1403638171.395097017 11.61439 7.04504 3.34682 0.78795 -0.12009 0.60317 0.03006
1403638171.495096922 11.62556 6.94008 3.34182 0.78550 -0.12721 0.60474 0.03326
1403638171.595097065 11.62806 6.83107 3.33442 0.78239 -0.13437 0.60710 0.03517
1403638171.695096970 11.62088 6.71619 3.32551 0.77895 -0.14455 0.60911 0.03639
1403638171.745096922 11.61252 6.65663 3.32006 0.77722 -0.15009 0.60986 0.03839
1403638171.845097065 11.58907 6.53273 3.31171 0.77364 -0.16034 0.61164 0.04088
1403638171.945096970 11.55245 6.40309 3.30864 0.76827 -0.16750 0.61614 0.04564
1403638171.995096922 11.52879 6.33518 3.30922 0.76754 -0.16867 0.61637 0.05028
1403638172.045097113 11.50206 6.26571 3.31154 0.76657 -0.17004 0.61689 0.05390
1403638172.145097017 11.43796 6.12581 3.31812 0.76651 -0.17097 0.61610 0.06039
1403638172.245096922 11.36188 5.98378 3.31877 0.76752 -0.17183 0.61427 0.06369
1403638172.345097065 11.27425 5.83966 3.30955 0.76801 -0.17121 0.61356 0.06625
1403638172.445096970 11.17778 5.69318 3.28976 0.76710 -0.17063 0.61490 0.06592
1403638172.545097113 11.07405 5.54415 3.25966 0.76479 -0.17078 0.61803 0.06306
1403638172.645097017 10.96102 5.39333 3.22136 0.76314 -0.17053 0.62052 0.05904
1403638172.745096922 10.83555 5.24002 3.17664 0.76376 -0.16931 0.62036 0.05611
1403638172.845097065 10.69824 5.08332 3.12769 0.76351 -0.16887 0.62121 0.05143
1403638172.945096970 10.54865 4.92101 3.07521 0.76543 -0.16785 0.61949 0.04668
1403638173.045097113 10.38731 4.75369 3.01842 0.76929 -0.16758 0.61519 0.04052
1403638173.145097017 10.21633 4.58106 2.95517 0.77447 -0.16734 0.60908 0.03479
1403638173.245096922 10.03695 4.40186 2.88539 0.77888 -0.16281 0.60452 0.03732
1403638173.345097065 9.85042 4.21698 2.81073 0.78352 -0.15663 0.59969 0.04406
1403638173.395097017 9.75386 4.12246 2.77257 0.78446 -0.15125 0.59919 0.05207
1403638173.445096970 9.65678 4.02765 2.73062 0.78646 -0.14608 0.59715 0.05970
1403638173.495096922 9.55986 3.93091 2.68528 0.78904 -0.14205 0.59410 0.06544
1403638173.545097113 9.46367 3.83359 2.63881 0.78978 -0.13876 0.59331 0.07059
1403638173.595097065 9.36829 3.73646 2.59149 0.79061 -0.13624 0.59228 0.07473
1403638173.645097017 9.27090 3.64692 2.54458 0.79079 -0.13641 0.59198 0.07486
1403638173.695096970 9.17687 3.54542 2.49390 0.79091 -0.13587 0.59173 0.07650
1403638173.745096922 9.08050 3.45123 2.44311 0.79125 -0.13652 0.59122 0.07583
1403638173.795097113 8.98412 3.35733 2.39237 0.79157 -0.13731 0.59060 0.07585
1403638173.845097065 8.88700 3.26436 2.34222 0.79215 -0.13834 0.58963 0.07545
1403638173.895097017 8.78953 3.17150 2.29398 0.79297 -0.13754 0.58851 0.07703
1403638173.995096922 8.59234 2.99288 2.20277 0.79212 -0.13861 0.58946 0.07661
1403638174.045097113 8.49079 2.90499 2.15918 0.79347 -0.13868 0.58755 0.07713
1403638174.145097017 8.28736 2.73199 2.07655 0.79377 -0.13823 0.58713 0.07815
1403638174.195096970 8.18451 2.64487 2.03562 0.79591 -0.13893 0.58417 0.07731
1403638174.245096922 8.08157 2.55845 1.99410 0.79828 -0.13785 0.58103 0.07840
1403638174.295097113 7.97856 2.47279 1.95013 0.80167 -0.13898 0.57638 0.07613
1403638174.345097065 7.87727 2.38695 1.90556 0.80340 -0.13784 0.57408 0.07730
1403638174.395097017 7.77755 2.30169 1.85904 0.80527 -0.13887 0.57145 0.07544
1403638174.445096970 7.67823 2.21690 1.81226 0.80720 -0.13750 0.56891 0.07658
1403638174.495096922 7.58034 2.13346 1.76665 0.80838 -0.13826 0.56732 0.07458
1403638174.545097113 7.48401 2.04986 1.72231 0.81000 -0.13855 0.56503 0.07372
1403638174.595097065 7.38914 1.96635 1.68001 0.81208 -0.13607 0.56228 0.07649
1403638174.645097017 7.29447 1.88384 1.63922 0.81448 -0.13577 0.55880 0.07697
1403638174.695096970 7.19999 1.80166 1.60010 0.81653 -0.13431 0.55594 0.07855
1403638174.745096922 7.10746 1.72028 1.56270 0.81888 -0.13405 0.55248 0.07900
1403638174.795097113 7.01613 1.63937 1.52804 0.82059 -0.13377 0.54997 0.07917
1403638174.845097065 6.92653 1.55940 1.49488 0.82198 -0.13328 0.54792 0.07975
1403638174.945096970 6.75677 1.40317 1.43291 0.82332 -0.13260 0.54584 0.08135
1403638175.045097113 6.59302 1.24945 1.37628 0.82253 -0.13195 0.54691 0.08322
1403638175.145097017 6.43849 1.09710 1.32550 0.82195 -0.13246 0.54733 0.08535
1403638175.245096922 6.29106 0.94587 1.27991 0.82232 -0.13236 0.54642 0.08774
1403638175.345097065 6.15115 0.79628 1.24117 0.82638 -0.13353 0.53983 0.08863
1403638175.395097017 6.07855 0.72017 1.22437 0.82911 -0.13290 0.53547 0.09044
1403638175.445096970 6.00805 0.64451 1.20898 0.83180 -0.13207 0.53118 0.09231
1403638175.495096922 5.94099 0.56939 1.19566 0.83505 -0.13129 0.52594 0.09402
1403638175.545097113 5.87719 0.49501 1.18501 0.83881 -0.12992 0.51990 0.09603
1403638175.595097065 5.81768 0.42330 1.17662 0.84238 -0.13101 0.51409 0.09460
1403638175.645097017 5.76350 0.35316 1.17082 0.84605 -0.13165 0.50798 0.09393
1403638175.745096922 5.67056 0.21715 1.16210 0.85129 -0.13254 0.49941 0.09123
1403638175.845097065 5.59498 0.08322 1.15023 0.85488 -0.13130 0.49350 0.09169
1403638175.945096970 5.53600 -0.04951 1.12720 0.85536 -0.12706 0.49298 0.09583
1403638176.045097113 5.49418 -0.18031 1.10045 0.85055 -0.11999 0.50149 0.10329
1403638176.095097065 5.47811 -0.24617 1.08786 0.84557 -0.11522 0.50984 0.10862
1403638176.145097017 5.46628 -0.31039 1.07642 0.83844 -0.11245 0.52151 0.11138
1403638176.195096970 5.45823 -0.37286 1.06611 0.83006 -0.11254 0.53485 0.11078
1403638176.245096922 5.45219 -0.43369 1.05667 0.82321 -0.11449 0.54552 0.10782
1403638176.295097113 5.44818 -0.49251 1.04866 0.81750 -0.11396 0.55401 0.10854
1403638176.395097017 5.44254 -0.60072 1.03524 0.81201 -0.11436 0.56190 0.10876
1403638176.545097113 5.44038 -0.74660 1.02502 0.81215 -0.11394 0.56131 0.11118
1403638176.695096970 5.44530 -0.87402 1.02639 0.81382 -0.11409 0.55862 0.11233
1403638176.945096970 5.47008 -1.05208 1.05910 0.81445 -0.11875 0.55800 0.10585
1403638177.145097017 5.50069 -1.17385 1.07332 0.81631 -0.11553 0.55497 0.11088
1403638177.395097017 5.55819 -1.29621 1.05173 0.81665 -0.11337 0.55426 0.11410
1403638177.595097065 5.62033 -1.37158 1.01291 0.81531 -0.12719 0.55652 0.09685
1403638177.745096922 5.67314 -1.42310 0.97531 0.81244 -0.13992 0.55981 0.08351
1403638177.845097065 5.70923 -1.45773 0.94778 0.80575 -0.14762 0.56828 0.07775
1403638177.945096970 5.74317 -1.49327 0.92222 0.79872 -0.15149 0.57726 0.07663
1403638178.045097113 5.77189 -1.53121 0.90168 0.79399 -0.15213 0.58297 0.08118
1403638178.145097017 5.79566 -1.57157 0.88979 0.79133 -0.15603 0.58411 0.09094
1403638178.245096922 5.81264 -1.61250 0.88503 0.78660 -0.16741 0.58594 0.09956
1403638178.295097113 5.81885 -1.63466 0.88667 0.78442 -0.17487 0.58577 0.10482
1403638178.345097065 5.82312 -1.65668 0.89061 0.78163 -0.18339 0.58595 0.10993
1403638178.395097017 5.82431 -1.67805 0.89465 0.77926 -0.19233 0.58497 0.11651
1403638178.445096970 5.82396 -1.69895 0.89767 0.77735 -0.20357 0.58269 0.12149
1403638178.495096922 5.82223 -1.71986 0.89970 0.77634 -0.21476 0.57869 0.12762
1403638178.545097113 5.81890 -1.74110 0.90009 0.77574 -0.22691 0.57364 0.13295
1403638178.595097065 5.81375 -1.76222 0.89967 0.77519 -0.23924 0.56820 0.13780
1403638178.645097017 5.80768 -1.78374 0.89889 0.77351 -0.25120 0.56418 0.14242
1403638178.695096970 5.80081 -1.80593 0.89726 0.77127 -0.26244 0.56067 0.14804
1403638178.745096922 5.79322 -1.82945 0.89484 0.76810 -0.27308 0.55838 0.15382
1403638178.795097113 5.78496 -1.85390 0.89164 0.76554 -0.28274 0.55521 0.16046
1403638178.845097065 5.77597 -1.87934 0.88700 0.76426 -0.29166 0.55053 0.16662
1403638178.895097017 5.76620 -1.90520 0.88152 0.76354 -0.29927 0.54591 0.17158
1403638178.945096970 5.75564 -1.93135 0.87495 0.76345 -0.30583 0.54104 0.17576
1403638178.995096922 5.74458 -1.95764 0.86706 0.76439 -0.31145 0.53549 0.17875
1403638179.045097113 5.73335 -1.98471 0.85805 0.76574 -0.31545 0.52998 0.18234
1403638179.145097017 5.71135 -2.03921 0.83749 0.76766 -0.32117 0.52107 0.18981
1403638179.195096970 5.70056 -2.06961 0.82595 0.76811 -0.32382 0.51702 0.19453
1403638179.245096922 5.69020 -2.10101 0.81377 0.76868 -0.32632 0.51269 0.19947
1403638179.295097113 5.68063 -2.13340 0.80041 0.76890 -0.33012 0.50825 0.20370
1403638179.345097065 5.67170 -2.16698 0.78694 0.76794 -0.33423 0.50485 0.20902
1403638179.395097017 5.66353 -2.20167 0.77373 0.76442 -0.33966 0.50431 0.21439
1403638179.445096970 5.65612 -2.23725 0.76069 0.75810 -0.34655 0.50708 0.21924
1403638179.495096922 5.64909 -2.27358 0.74717 0.75055 -0.35376 0.51083 0.22489
1403638179.545097113 5.64217 -2.31055 0.73276 0.74329 -0.36176 0.51313 0.23095
1403638179.595097065 5.63539 -2.34775 0.71792 0.73677 -0.36987 0.51372 0.23761
1403638179.645097017 5.62792 -2.38489 0.70330 0.73078 -0.37886 0.51310 0.24322
1403638179.695096970 5.62015 -2.42173 0.69018 0.72455 -0.38705 0.51232 0.25051
1403638179.745096922 5.61194 -2.45839 0.67876 0.71902 -0.39600 0.50987 0.25736
1403638179.795097113 5.60318 -2.49498 0.66929 0.71371 -0.40470 0.50712 0.26394
1403638179.845097065 5.59383 -2.53131 0.66213 0.70792 -0.41298 0.50466 0.27132
1403638179.895097017 5.58492 -2.56786 0.65596 0.70355 -0.42203 0.50033 0.27673
1403638179.945096970 5.57614 -2.60461 0.65083 0.70065 -0.43029 0.49509 0.28076
1403638179.995096922 5.56716 -2.64119 0.64721 0.69906 -0.43807 0.48895 0.28345
1403638180.045097113 5.55812 -2.67797 0.64458 0.69785 -0.44524 0.48353 0.28455
1403638180.145097017 5.54068 -2.75141 0.64146 0.69334 -0.45575 0.47851 0.28741
1403638180.245096922 5.52270 -2.82732 0.63905 0.69055 -0.46023 0.47555 0.29186
1403638180.395097017 5.49561 -2.94576 0.62506 0.68984 -0.46430 0.47170 0.29333
1403638180.545097113 5.46786 -3.07055 0.59998 0.69191 -0.46100 0.46872 0.29840
1403638180.745096922 5.43226 -3.24453 0.56868 0.69967 -0.45771 0.46095 0.29746
1403638180.995096922 5.40282 -3.48753 0.55992 0.70256 -0.45537 0.46432 0.28888
1403638181.145097017 5.38916 -3.64896 0.54450 0.70098 -0.45432 0.47064 0.28412
1403638181.245096922 5.38021 -3.76276 0.52936 0.69644 -0.45320 0.47869 0.28363
1403638181.345097065 5.36961 -3.87831 0.51106 0.68642 -0.45747 0.48771 0.28580
1403638181.445096970 5.35520 -3.99458 0.48827 0.67383 -0.46885 0.49272 0.28873
1403638181.495096922 5.34428 -4.05868 0.47615 0.66571 -0.47547 0.49510 0.29265
1403638181.545097113 5.33188 -4.12396 0.46341 0.65473 -0.48206 0.50004 0.29817
1403638181.595097065 5.31756 -4.18757 0.45075 0.64495 -0.48743 0.50232 0.30681
1403638181.645097017 5.30075 -4.25154 0.43856 0.63791 -0.49349 0.50036 0.31492
1403638181.695096970 5.28191 -4.31361 0.42760 0.63364 -0.49940 0.49435 0.32359
1403638181.745096922 5.26140 -4.37403 0.41931 0.62992 -0.50624 0.48743 0.33065
1403638181.795097113 5.23933 -4.43448 0.41362 0.62642 -0.51257 0.47958 0.33893
1403638181.845097065 5.21583 -4.49484 0.40960 0.62391 -0.51919 0.47043 0.34621
1403638181.895097017 5.19137 -4.55384 0.40781 0.62191 -0.52539 0.46062 0.35359
1403638181.945096970 5.16648 -4.61159 0.40707 0.61891 -0.53270 0.45288 0.35789
1403638181.995096922 5.14152 -4.66755 0.40832 0.61665 -0.53914 0.44604 0.36072
1403638182.045097113 5.11650 -4.72270 0.41113 0.61518 -0.54593 0.43944 0.36112
1403638182.095097065 5.09129 -4.77738 0.41630 0.61333 -0.55147 0.43435 0.36199
1403638182.195096970 5.04063 -4.88283 0.42869 0.61050 -0.56043 0.42627 0.36263
1403638182.295097113 4.99000 -4.98902 0.43732 0.60699 -0.56975 0.42332 0.35743
1403638182.395097017 4.93776 -5.09643 0.44316 0.60503 -0.57558 0.42235 0.35250
1403638182.495096922 4.88218 -5.20857 0.45270 0.60958 -0.57408 0.41531 0.35547
1403638182.595097065 4.82532 -5.32377 0.47091 0.61640 -0.56891 0.40699 0.36159
1403638182.695096970 4.76919 -5.44298 0.49679 0.62036 -0.56584 0.40431 0.36265
1403638182.795097113 4.71562 -5.56522 0.52468 0.62102 -0.56411 0.40648 0.36178
1403638182.895097017 4.66358 -5.69354 0.54854 0.62022 -0.56152 0.41086 0.36223
1403638182.995096922 4.61204 -5.82479 0.56723 0.61733 -0.55755 0.41802 0.36509
1403638183.095097065 4.56054 -5.95850 0.58179 0.61524 -0.55210 0.42393 0.37007
1403638183.145097017 4.53454 -6.02623 0.58785 0.61554 -0.54890 0.42440 0.37377
1403638183.245096922 4.48501 -6.15992 0.59452 0.61843 -0.54601 0.42208 0.37586
1403638183.345097065 4.43684 -6.29413 0.59615 0.62285 -0.54823 0.41633 0.37172
1403638183.445096970 4.39076 -6.42884 0.59453 0.62783 -0.55118 0.40934 0.36670
1403638183.545097113 4.34912 -6.56476 0.58980 0.63212 -0.55171 0.40313 0.36540
1403638183.645097017 4.31167 -6.70391 0.58303 0.63101 -0.55173 0.40471 0.36556
1403638183.695096970 4.29323 -6.77833 0.58289 0.62984 -0.54830 0.40683 0.37035
1403638183.745096922 4.27649 -6.85235 0.58433 0.62627 -0.54626 0.41225 0.37342
1403638183.795097113 4.26040 -6.92639 0.58659 0.62477 -0.54297 0.41452 0.37818
1403638183.845097065 4.24552 -6.99987 0.59038 0.62238 -0.53946 0.41827 0.38297
1403638183.895097017 4.23188 -7.07166 0.59566 0.62021 -0.53793 0.42105 0.38560
1403638183.995096922 4.20809 -7.20851 0.61052 0.61937 -0.53780 0.42165 0.38647
1403638184.145097017 4.18195 -7.40412 0.64189 0.62357 -0.54332 0.41432 0.37986
1403638184.245096922 4.17030 -7.53110 0.65945 0.62617 -0.54844 0.40905 0.37391
1403638184.345097065 4.16171 -7.65986 0.67269 0.62593 -0.54888 0.40822 0.37456
1403638184.445096970 4.15671 -7.79168 0.68228 0.62294 -0.54699 0.41214 0.37801
1403638184.545097113 4.15530 -7.92306 0.68961 0.62097 -0.54525 0.41438 0.38131
1403638184.645097017 4.15639 -8.05767 0.69622 0.61906 -0.54463 0.41672 0.38273
1403638184.795097113 4.16420 -8.25496 0.70669 0.61813 -0.54524 0.41765 0.38235
1403638184.945096970 4.17676 -8.45314 0.71987 0.61775 -0.54403 0.41739 0.38498
1403638185.095097065 4.19549 -8.64780 0.73709 0.61802 -0.54472 0.41680 0.38421
1403638185.245096922 4.22076 -8.83805 0.75601 0.62108 -0.54238 0.41290 0.38677
1403638185.395097017 4.25309 -9.02877 0.77522 0.62301 -0.53693 0.41246 0.39172
1403638185.495096922 4.28137 -9.15692 0.78929 0.62654 -0.52730 0.41687 0.39449
1403638185.595097065 4.31612 -9.28273 0.80305 0.63285 -0.51582 0.42345 0.39259
1403638185.695096970 4.35744 -9.40521 0.81622 0.63785 -0.50628 0.43128 0.38837
1403638185.795097113 4.40371 -9.52531 0.82967 0.63935 -0.50475 0.44165 0.37603
1403638185.845097065 4.42724 -9.58682 0.83520 0.63848 -0.50922 0.44772 0.36413
1403638185.945096970 4.47595 -9.70222 0.84319 0.63785 -0.51712 0.45569 0.34362
1403638186.095097065 4.54212 -9.86956 0.84726 0.64327 -0.51580 0.45347 0.33840
1403638186.245096922 4.60120 -10.03939 0.84709 0.64859 -0.51054 0.44758 0.34404
1403638186.395097017 4.65880 -10.20506 0.85835 0.65127 -0.50789 0.44388 0.34766
1403638186.545097113 4.71705 -10.36710 0.87992 0.65136 -0.50662 0.44257 0.35100
1403638186.745096922 4.80141 -10.58025 0.89838 0.65508 -0.50116 0.43636 0.35958
1403638186.845097065 4.84851 -10.68587 0.90124 0.66050 -0.49267 0.43497 0.36307
1403638186.945096970 4.90212 -10.78982 0.89944 0.66859 -0.48324 0.43629 0.35932
1403638186.995096922 4.93180 -10.84311 0.90004 0.67338 -0.47757 0.43896 0.35468
1403638187.045097113 4.96352 -10.89642 0.90210 0.67630 -0.47173 0.44651 0.34746
1403638187.095097065 4.99603 -10.94880 0.90624 0.67966 -0.46420 0.45490 0.34006
1403638187.145097017 5.03028 -11.00136 0.91226 0.68263 -0.45511 0.46482 0.33292
1403638187.195096970 5.06476 -11.05170 0.92010 0.68602 -0.44587 0.47447 0.32475
1403638187.245096922 5.10022 -11.10319 0.92947 0.68918 -0.43554 0.48460 0.31701
1403638187.295097113 5.13570 -11.15405 0.94094 0.69259 -0.42407 0.49368 0.31108
1403638187.345097065 5.17079 -11.20249 0.95368 0.69611 -0.41379 0.50117 0.30501
1403638187.395097017 5.20518 -11.24956 0.96824 0.69842 -0.40399 0.50868 0.30041
1403638187.445096970 5.23900 -11.29541 0.98350 0.70104 -0.39514 0.51415 0.29675
1403638187.495096922 5.27184 -11.33923 0.99911 0.70394 -0.38893 0.51752 0.29219
1403638187.595097065 5.33492 -11.41890 1.02901 0.71189 -0.38132 0.51722 0.28335
1403638187.695096970 5.39499 -11.49333 1.05633 0.71929 -0.37810 0.51291 0.27676
1403638187.895097017 5.51346 -11.62842 1.09711 0.72610 -0.36962 0.50671 0.28180
1403638187.995096922 5.57369 -11.68933 1.11334 0.72455 -0.36522 0.50777 0.28948
1403638188.095097065 5.63585 -11.74293 1.12487 0.72258 -0.36092 0.50851 0.29838
1403638188.195096970 5.70005 -11.78910 1.13149 0.71944 -0.35776 0.51068 0.30597
1403638188.295097113 5.76670 -11.82686 1.13323 0.70891 -0.35911 0.52404 0.30639
1403638188.395097017 5.83380 -11.85483 1.13194 0.69578 -0.36051 0.54075 0.30580
1403638188.495096922 5.89686 -11.87088 1.12770 0.68590 -0.36215 0.55276 0.30470
1403638188.695096970 6.00347 -11.86144 1.12141 0.68462 -0.36012 0.55882 0.29889
1403638188.795097113 6.04507 -11.83799 1.13002 0.69430 -0.35778 0.55275 0.29055
1403638188.895097017 6.08113 -11.80628 1.14844 0.70208 -0.35539 0.54815 0.28339
1403638188.995096922 6.11179 -11.76585 1.17697 0.70822 -0.35322 0.54449 0.27784
1403638189.095097065 6.13695 -11.71354 1.21157 0.71251 -0.34837 0.54591 0.27008
1403638189.195096970 6.15883 -11.65443 1.24417 0.71779 -0.33979 0.54952 0.25951
1403638189.245096922 6.16836 -11.62330 1.25665 0.72159 -0.33450 0.55086 0.25293
1403638189.295097113 6.17640 -11.59035 1.26745 0.72610 -0.32847 0.55171 0.24598
1403638189.345097065 6.18375 -11.55630 1.27667 0.73212 -0.32269 0.55031 0.23882
1403638189.395097017 6.18899 -11.52014 1.28415 0.73994 -0.31798 0.54556 0.23184
1403638189.445096970 6.19345 -11.48319 1.29166 0.74765 -0.31389 0.54027 0.22493
1403638189.495096922 6.19732 -11.44602 1.30051 0.75440 -0.31024 0.53539 0.21903
1403638189.545097113 6.20010 -11.40884 1.31109 0.75949 -0.30750 0.53203 0.21345
1403638189.645097017 6.20646 -11.33539 1.34090 0.76612 -0.30304 0.52824 0.20542
1403638189.745096922 6.21401 -11.26537 1.36983 0.77232 -0.30356 0.52249 0.19591
1403638189.845097065 6.22219 -11.19974 1.39266 0.77733 -0.30439 0.51657 0.19043
1403638190.095097065 6.26046 -11.05760 1.42800 0.77605 -0.30189 0.51862 0.19399
1403638190.195096970 6.28077 -11.00963 1.43078 0.76851 -0.29844 0.52897 0.20130
1403638190.295097113 6.30259 -10.96307 1.42737 0.76217 -0.28748 0.53857 0.21542
1403638190.395097017 6.32674 -10.91555 1.41826 0.76015 -0.27090 0.54493 0.22768
1403638190.495096922 6.35235 -10.86403 1.40291 0.76231 -0.25807 0.54620 0.23228
1403638190.595097065 6.37894 -10.80457 1.38288 0.76555 -0.25342 0.54632 0.22637
1403638190.695096970 6.40639 -10.73848 1.36189 0.76735 -0.25170 0.54737 0.21957
1403638190.795097113 6.43289 -10.66272 1.34616 0.76754 -0.25223 0.55014 0.21121
1403638190.895097017 6.45924 -10.58189 1.33590 0.76791 -0.25646 0.55185 0.20001
1403638190.995096922 6.48439 -10.49702 1.33483 0.76789 -0.25778 0.55312 0.19479
1403638191.095097065 6.50795 -10.40936 1.34243 0.76490 -0.25724 0.55781 0.19393
1403638191.195096970 6.52807 -10.32203 1.35530 0.76873 -0.25873 0.55267 0.19151
1403638191.295097113 6.54637 -10.23546 1.37667 0.77588 -0.26260 0.54234 0.18685
1403638191.395097017 6.56451 -10.15232 1.40215 0.78067 -0.26316 0.53510 0.18700
1403638191.595097065 6.60416 -9.98716 1.43767 0.78220 -0.26448 0.53176 0.18826
1403638191.795097113 6.65972 -9.83255 1.45220 0.78447 -0.25931 0.52747 0.19783
1403638191.995096922 6.74174 -9.68554 1.45240 0.78507 -0.25905 0.52611 0.19944
1403638192.145097017 6.81003 -9.57290 1.46401 0.78445 -0.25882 0.52709 0.19957
1403638192.245096922 6.86025 -9.49631 1.48301 0.78176 -0.25942 0.53130 0.19820
1403638192.345097065 6.91486 -9.41614 1.51191 0.77602 -0.26000 0.53993 0.19665
1403638192.445096970 6.97326 -9.32760 1.54623 0.77341 -0.26028 0.54372 0.19614
1403638192.545097113 7.03253 -9.23543 1.58699 0.77056 -0.25993 0.54766 0.19685
1403638192.645097017 7.09150 -9.14369 1.63035 0.76447 -0.25803 0.55586 0.20005
1403638192.745096922 7.14783 -9.04714 1.66888 0.75757 -0.25817 0.56489 0.20086
1403638192.845097065 7.19855 -8.94656 1.70111 0.75067 -0.25906 0.57402 0.19971
1403638192.895097017 7.22205 -8.89106 1.71559 0.74527 -0.26031 0.58108 0.19788
1403638192.945096970 7.24347 -8.83428 1.72949 0.73824 -0.26252 0.59025 0.19414
1403638192.995096922 7.26114 -8.77928 1.74270 0.73264 -0.26403 0.59761 0.19075
1403638193.095097065 7.28571 -8.67108 1.76918 0.73027 -0.26353 0.60346 0.18192
1403638193.145097017 7.29190 -8.61625 1.78314 0.73479 -0.26045 0.60019 0.17893
1403638193.195096970 7.29437 -8.56217 1.79893 0.74029 -0.25688 0.59553 0.17698
1403638193.295097113 7.28985 -8.45059 1.83870 0.74940 -0.24903 0.58807 0.17480
1403638193.395097017 7.27204 -8.33872 1.88820 0.75560 -0.23958 0.58319 0.17768
1403638193.495096922 7.24553 -8.22702 1.94126 0.75698 -0.23289 0.58357 0.17939
1403638193.595097065 7.20922 -8.11456 1.98813 0.75901 -0.22975 0.58266 0.17786
1403638193.695096970 7.16672 -7.99952 2.02644 0.76667 -0.23012 0.57358 0.17397
1403638193.795097113 7.11854 -7.88310 2.05692 0.77408 -0.23260 0.56430 0.16813
1403638193.895097017 7.06618 -7.76738 2.08132 0.77828 -0.23364 0.55865 0.16614
1403638194.045097113 6.98954 -7.59237 2.11003 0.78068 -0.23495 0.55523 0.16446
1403638194.145097017 6.93635 -7.48116 2.12306 0.77588 -0.23369 0.56157 0.16748
1403638194.295097113 6.85731 -7.31030 2.13293 0.76998 -0.23262 0.56914 0.17058
1403638194.395097017 6.79895 -7.19790 2.13564 0.77361 -0.23512 0.56399 0.16781
1403638194.495096922 6.73960 -7.08226 2.14457 0.77735 -0.23835 0.55843 0.16454
1403638194.595097065 6.67861 -6.96653 2.15990 0.78099 -0.23970 0.55291 0.16401
1403638194.695096970 6.61699 -6.85273 2.17772 0.78646 -0.24174 0.54467 0.16239
1403638194.795097113 6.55711 -6.74272 2.19349 0.79044 -0.24284 0.53841 0.16234
1403638194.945096970 6.47449 -6.58253 2.20671 0.79443 -0.24350 0.53192 0.16326
1403638195.095097065 6.40133 -6.43108 2.20601 0.79619 -0.24398 0.52916 0.16290
1403638195.195096970 6.35832 -6.33411 2.19943 0.79946 -0.24606 0.52399 0.16045
1403638195.295097113 6.32224 -6.24114 2.18726 0.80727 -0.24963 0.51170 0.15542
1403638195.495096922 6.27433 -6.07794 2.15691 0.80096 -0.24825 0.52149 0.15777
1403638195.595097065 6.25759 -6.00662 2.13768 0.79152 -0.24530 0.53590 0.16168
1403638195.795097113 6.23567 -5.87147 2.09688 0.79068 -0.24484 0.53763 0.16074
1403638195.895097017 6.23009 -5.80988 2.08543 0.79563 -0.24535 0.53049 0.15925
1403638195.995096922 6.23029 -5.75285 2.08087 0.80001 -0.24659 0.52395 0.15701
1403638196.195096970 6.24459 -5.64567 2.09671 0.79553 -0.24409 0.53108 0.15970
1403638196.295097113 6.25787 -5.59934 2.11512 0.79056 -0.24227 0.53856 0.16209
1403638196.595097065 6.31420 -5.48293 2.14187 0.79243 -0.24549 0.53532 0.15879
1403638196.695096970 6.33384 -5.45090 2.13815 0.79846 -0.24873 0.52589 0.15503
1403638196.995096922 6.42463 -5.37232 2.10936 0.79316 -0.24693 0.53360 0.15871
1403638197.145097017 6.47731 -5.34876 2.11216 0.78854 -0.24524 0.54030 0.16166
1403638197.345097065 6.55242 -5.32432 2.13366 0.78491 -0.23471 0.54562 0.17643
1403638197.495096922 6.61106 -5.30232 2.16783 0.78183 -0.22944 0.54987 0.18369
1403638197.695096970 6.69042 -5.25741 2.23374 0.78038 -0.22948 0.55222 0.18276
1403638197.895097017 6.77168 -5.20372 2.29536 0.77684 -0.23169 0.55781 0.17799
1403638197.995096922 6.81349 -5.17490 2.31595 0.76771 -0.23149 0.57065 0.17720
1403638198.245096922 6.89892 -5.08219 2.28299 0.76998 -0.23486 0.56762 0.17254
1403638198.395097017 6.94213 -5.01601 2.23029 0.77541 -0.23372 0.56019 0.17405
1403638198.545097113 6.98514 -4.94315 2.17129 0.78088 -0.22634 0.55234 0.18419
1403638198.645097017 7.01286 -4.89174 2.12800 0.78135 -0.21416 0.55042 0.20164
1403638198.795097113 7.05444 -4.79759 2.06694 0.77944 -0.19831 0.55094 0.22274
1403638198.945096970 7.10014 -4.67131 2.02527 0.77971 -0.19612 0.55047 0.22487
1403638199.045097113 7.13556 -4.57049 2.00806 0.78053 -0.19874 0.54966 0.22167
1403638199.145097017 7.17524 -4.45735 2.00116 0.78041 -0.20138 0.54985 0.21924
1403638199.245096922 7.21887 -4.33196 2.00416 0.77807 -0.20420 0.55342 0.21594
1403638199.345097065 7.26476 -4.19669 2.01708 0.77508 -0.20457 0.55749 0.21589
1403638199.445096970 7.30993 -4.04998 2.03443 0.77581 -0.20198 0.55558 0.22057
1403638199.545097113 7.35507 -3.89210 2.05973 0.77994 -0.19953 0.54920 0.22418
1403638199.645097017 7.40405 -3.72398 2.09275 0.78330 -0.19526 0.54765 0.21998
1403638199.695096970 7.42902 -3.63766 2.11306 0.78417 -0.19377 0.54944 0.21367
1403638199.745096922 7.45356 -3.54834 2.13311 0.78532 -0.19394 0.55092 0.20532
1403638199.795097113 7.47761 -3.45638 2.15174 0.78688 -0.19687 0.55157 0.19451
1403638199.845097065 7.50156 -3.36301 2.16985 0.78809 -0.19832 0.55216 0.18629
1403638199.895097017 7.52549 -3.26880 2.18650 0.78919 -0.19939 0.55262 0.17899
1403638199.945096970 7.55009 -3.17416 2.20230 0.79011 -0.19975 0.55289 0.17360
1403638199.995096922 7.57435 -3.07905 2.21746 0.79067 -0.19830 0.55386 0.16959
1403638200.045097113 7.59854 -2.98351 2.23136 0.79149 -0.19570 0.55489 0.16536
1403638200.095097065 7.62307 -2.88761 2.24417 0.79321 -0.18972 0.55484 0.16424
1403638200.145097017 7.64732 -2.79105 2.25685 0.79404 -0.18183 0.55646 0.16365
1403638200.195096970 7.67135 -2.69338 2.27012 0.79364 -0.17270 0.55996 0.16359
1403638200.245096922 7.69575 -2.59459 2.28447 0.79205 -0.16480 0.56559 0.16002
1403638200.295097113 7.71990 -2.49454 2.30005 0.79131 -0.15600 0.56997 0.15693
1403638200.345097065 7.74342 -2.39287 2.31687 0.79044 -0.14827 0.57462 0.15174
1403638200.395097017 7.76685 -2.29008 2.33555 0.79010 -0.13949 0.57803 0.14884
1403638200.445096970 7.78910 -2.18582 2.35500 0.79198 -0.13039 0.57791 0.14764
1403638200.495096922 7.81097 -2.08034 2.37651 0.79321 -0.12208 0.57802 0.14769
1403638200.545097113 7.83256 -1.97286 2.39944 0.79488 -0.11418 0.57747 0.14718
1403638200.595097065 7.85363 -1.86314 2.42369 0.79677 -0.10691 0.57681 0.14496
1403638200.645097017 7.87434 -1.75142 2.44939 0.79802 -0.09777 0.57685 0.14437
1403638200.695096970 7.89488 -1.63752 2.47663 0.79960 -0.08839 0.57621 0.14425
1403638200.745096922 7.91528 -1.52124 2.50342 0.80183 -0.08193 0.57462 0.14198
1403638200.795097113 7.93497 -1.40262 2.52912 0.80402 -0.07693 0.57292 0.13929
1403638200.845097065 7.95397 -1.28180 2.55353 0.80588 -0.07377 0.57147 0.13615
1403638200.895097017 7.97277 -1.15889 2.57616 0.80761 -0.07282 0.57023 0.13155
1403638200.945096970 7.99171 -1.03412 2.59716 0.80801 -0.07545 0.57121 0.12305
1403638200.995096922 8.01038 -0.90800 2.61662 0.80788 -0.07825 0.57259 0.11557
1403638201.045097113 8.02846 -0.78090 2.63438 0.80753 -0.08175 0.57408 0.10794
1403638201.095097065 8.04587 -0.65325 2.65026 0.80704 -0.08371 0.57526 0.10369
1403638201.145097017 8.06285 -0.52502 2.66413 0.80750 -0.08544 0.57490 0.10063
1403638201.195096970 8.07947 -0.39656 2.67691 0.80648 -0.08760 0.57644 0.09820
1403638201.245096922 8.09560 -0.26787 2.68777 0.80534 -0.09000 0.57807 0.09572
1403638201.345097065 8.12839 -0.00859 2.70397 0.80626 -0.09125 0.57642 0.09671
1403638201.445096970 8.15868 0.25069 2.71335 0.80550 -0.09185 0.57696 0.09926
1403638201.545097113 8.18614 0.50886 2.71419 0.80396 -0.09291 0.57862 0.10106
1403638201.645097017 8.21073 0.76606 2.70778 0.80200 -0.09374 0.58090 0.10278
1403638201.745096922 8.23258 1.02328 2.69152 0.80144 -0.09571 0.58136 0.10275
1403638201.845097065 8.25068 1.28072 2.66777 0.80052 -0.09727 0.58251 0.10195
1403638201.945096970 8.26625 1.54074 2.64041 0.80188 -0.09550 0.58109 0.10104
1403638201.995096922 8.27275 1.67089 2.62753 0.80258 -0.09243 0.58103 0.09857
1403638202.045097113 8.27867 1.80285 2.61662 0.80313 -0.09022 0.58129 0.09457
1403638202.095097065 8.28392 1.93476 2.60622 0.80436 -0.09008 0.58063 0.08813
1403638202.145097017 8.28937 2.06736 2.59828 0.80668 -0.08976 0.57832 0.08227
1403638202.195096970 8.29350 2.20020 2.59218 0.80831 -0.09023 0.57675 0.07644
1403638202.245096922 8.29639 2.33317 2.58820 0.81066 -0.09052 0.57405 0.07151
1403638202.295097113 8.29902 2.46448 2.58605 0.81343 -0.08945 0.57062 0.06869
1403638202.345097065 8.30296 2.59396 2.58578 0.81384 -0.08979 0.57044 0.06479
1403638202.445096970 8.30955 2.85034 2.58405 0.81553 -0.08755 0.56857 0.06301
1403638202.545097113 8.31836 3.10302 2.57523 0.81644 -0.08776 0.56756 0.06001
1403638202.645097017 8.32817 3.34917 2.55907 0.81783 -0.08880 0.56563 0.05769
1403638202.745096922 8.34007 3.58809 2.53656 0.81788 -0.08905 0.56552 0.05769
1403638202.845097065 8.35201 3.82052 2.50892 0.81682 -0.08851 0.56696 0.05941
1403638202.945096970 8.36424 4.04713 2.47931 0.81603 -0.08901 0.56797 0.05992
1403638203.045097113 8.37646 4.26812 2.45212 0.81469 -0.09009 0.56981 0.05891
1403638203.145097017 8.39086 4.47742 2.43074 0.81379 -0.08931 0.57103 0.06074
1403638203.245096922 8.39897 4.69356 2.41874 0.81068 -0.08662 0.57543 0.06454
1403638203.345097065 8.40782 4.90030 2.41137 0.80904 -0.08759 0.57777 0.06298
1403638203.445096970 8.41366 5.10210 2.40135 0.80744 -0.08847 0.58009 0.06098
1403638203.545097113 8.41779 5.29964 2.38523 0.80818 -0.08966 0.57904 0.05925
1403638203.645097017 8.42012 5.49347 2.36881 0.80980 -0.09067 0.57676 0.05782
1403638203.745096922 8.41966 5.68344 2.35964 0.80928 -0.09114 0.57751 0.05697
1403638203.845097065 8.41667 5.86881 2.35804 0.80931 -0.08989 0.57754 0.05807
1403638203.945096970 8.40992 6.04981 2.36328 0.80972 -0.08891 0.57712 0.05813
1403638204.045097113 8.40084 6.22424 2.37518 0.81100 -0.08900 0.57554 0.05583
1403638204.145097017 8.38782 6.39373 2.39431 0.81351 -0.08961 0.57219 0.05268
1403638204.245096922 8.37394 6.55733 2.42081 0.81607 -0.09381 0.56843 0.04592
1403638204.345097065 8.36017 6.71424 2.45184 0.81975 -0.10269 0.56242 0.03385
1403638204.445096970 8.34794 6.86209 2.48345 0.82275 -0.10931 0.55718 0.02625
1403638204.545097113 8.33696 7.00263 2.51104 0.82261 -0.11196 0.55695 0.02437
1403638204.645097017 8.32795 7.13336 2.53208 0.82117 -0.10905 0.55970 0.02286
1403638204.745096922 8.32062 7.25302 2.54521 0.82214 -0.09634 0.56054 0.02438
1403638204.795097113 8.31427 7.30941 2.54788 0.82280 -0.08688 0.56107 0.02553
1403638204.845097065 8.30852 7.36386 2.54894 0.82281 -0.07424 0.56276 0.02799
1403638204.895097017 8.30329 7.41548 2.54785 0.82227 -0.05980 0.56519 0.02914
1403638204.945096970 8.29899 7.46579 2.54457 0.82261 -0.04530 0.56617 0.02660
1403638204.995096922 8.29558 7.51473 2.53916 0.82270 -0.02995 0.56726 0.02194
1403638205.045097113 8.29318 7.56441 2.53277 0.82245 -0.01289 0.56847 0.01604
1403638205.095097065 8.29132 7.61458 2.52557 0.82258 0.00495 0.56858 0.00764
1403638205.145097017 8.28947 7.66527 2.51867 0.82234 0.02277 0.56852 -0.00435
1403638205.195096970 8.28773 7.71651 2.51343 0.82067 0.04174 0.56960 -0.01766
1403638205.245096922 8.28602 7.76860 2.50996 0.81914 0.06220 0.56938 -0.03076
1403638205.295097113 8.28456 7.82141 2.50895 0.81633 0.08227 0.56990 -0.04523
1403638205.345097065 8.28323 7.87535 2.51013 0.81280 0.10212 0.57038 -0.06003
1403638205.395097017 8.28171 7.92875 2.51329 0.80825 0.12290 0.57121 -0.07310
1403638205.445096970 8.27999 7.98253 2.51864 0.80344 0.14196 0.57196 -0.08483
1403638205.495096922 8.27763 8.03637 2.52573 0.79798 0.16152 0.57340 -0.09140
1403638205.545097113 8.27416 8.09021 2.53400 0.79322 0.17826 0.57423 -0.09630
1403638205.595097065 8.26858 8.14371 2.54428 0.78788 0.19346 0.57628 -0.09861
1403638205.645097017 8.26153 8.19782 2.55572 0.78190 0.20593 0.57988 -0.09978
1403638205.695096970 8.25286 8.25327 2.56910 0.77659 0.21652 0.58299 -0.10076
1403638205.745096922 8.24242 8.31007 2.58377 0.77202 0.22551 0.58530 -0.10276
1403638205.795097113 8.22921 8.36752 2.59891 0.76905 0.23351 0.58529 -0.10710
1403638205.845097065 8.21272 8.42556 2.61571 0.76663 0.24168 0.58415 -0.11241
1403638205.895097017 8.19362 8.48436 2.63346 0.76515 0.25017 0.58132 -0.11843
1403638205.945096970 8.17266 8.54436 2.65286 0.76296 0.25841 0.57884 -0.12670
1403638205.995096922 8.14984 8.60618 2.67372 0.76152 0.26596 0.57497 -0.13694
1403638206.045097113 8.12473 8.66860 2.69645 0.75930 0.27501 0.57159 -0.14534
1403638206.095097065 8.09709 8.73120 2.72071 0.75624 0.28351 0.56916 -0.15423
1403638206.145097017 8.06728 8.79416 2.74573 0.75248 0.29211 0.56733 -0.16302
1403638206.195096970 8.03572 8.85716 2.77102 0.74889 0.30066 0.56532 -0.17084
1403638206.245096922 8.00242 8.92018 2.79521 0.74506 0.30864 0.56359 -0.17888
1403638206.295097113 7.96752 8.98367 2.81787 0.74147 0.31521 0.56164 -0.18821
1403638206.345097065 7.93099 9.04708 2.83883 0.73944 0.31845 0.55831 -0.20026
1403638206.395097017 7.89342 9.11069 2.85769 0.73767 0.32147 0.55588 -0.20856
1403638206.445096970 7.85484 9.17416 2.87512 0.73607 0.32302 0.55399 -0.21670
1403638206.495096922 7.81505 9.23644 2.89152 0.73409 0.32436 0.55346 -0.22268
1403638206.545097113 7.77374 9.29718 2.90884 0.73274 0.32516 0.55272 -0.22775
1403638206.595097065 7.73207 9.35899 2.91669 0.73136 0.32623 0.55271 -0.23065
1403638206.645097017 7.68893 9.41937 2.92672 0.72991 0.32707 0.55286 -0.23369
1403638206.695096970 7.64396 9.47638 2.93882 0.72856 0.32861 0.55186 -0.23804
1403638206.745096922 7.59897 9.53839 2.94053 0.72737 0.33284 0.55008 -0.23992
1403638206.795097113 7.55200 9.59513 2.94507 0.72632 0.33549 0.54799 -0.24416
1403638206.845097065 7.50422 9.65025 2.94900 0.72496 0.33911 0.54697 -0.24548
1403638206.895097017 7.45566 9.70350 2.95178 0.72311 0.34102 0.54681 -0.24862
1403638206.945096970 7.41170 9.76035 2.94423 0.72137 0.34203 0.54710 -0.25163
1403638206.995096922 7.35658 9.80507 2.95277 0.71955 0.34252 0.54766 -0.25494
1403638207.045097113 7.30578 9.85199 2.95112 0.71813 0.34317 0.54812 -0.25707
1403638207.145097017 7.20436 9.94125 2.94204 0.71578 0.34427 0.54938 -0.25945
1403638207.195096970 7.15024 9.98299 2.93502 0.71470 0.34436 0.54947 -0.26210
1403638207.245096922 7.09399 10.02270 2.92742 0.71325 0.34673 0.54917 -0.26355
1403638207.295097113 7.03675 10.06218 2.91742 0.71070 0.34971 0.54923 -0.26638
1403638207.345097065 6.97778 10.10050 2.90614 0.70796 0.35283 0.54853 -0.27096
1403638207.395097017 6.91805 10.13697 2.89392 0.70381 0.35766 0.54855 -0.27538
1403638207.445096970 6.85654 10.17201 2.88247 0.69968 0.36378 0.54710 -0.28069
1403638207.495096922 6.79341 10.20404 2.87332 0.69499 0.37122 0.54524 -0.28617
1403638207.545097113 6.72886 10.23426 2.86545 0.69242 0.37833 0.54041 -0.29218
1403638207.595097065 6.66348 10.26204 2.85898 0.69055 0.38707 0.53547 -0.29427
1403638207.645097017 6.59701 10.28679 2.85382 0.69127 0.39268 0.52749 -0.29951
1403638207.695096970 6.53055 10.30763 2.85178 0.69253 0.39940 0.51983 -0.30110
1403638207.745096922 6.46483 10.32946 2.84866 0.69331 0.40319 0.51360 -0.30490
1403638207.795097113 6.39942 10.34846 2.84883 0.69398 0.40717 0.50843 -0.30677
1403638207.845097065 6.33441 10.36653 2.85062 0.69580 0.41017 0.50270 -0.30809
1403638207.895097017 6.26894 10.38288 2.85408 0.69814 0.41308 0.49704 -0.30809
1403638207.945096970 6.20523 10.39979 2.85883 0.69964 0.41514 0.49328 -0.30796
1403638208.045097113 6.08409 10.42924 2.87090 0.70052 0.41728 0.49060 -0.30735
1403638208.145097017 5.96560 10.45436 2.87897 0.69816 0.41445 0.49410 -0.31092
1403638208.245096922 5.84349 10.46714 2.88117 0.69483 0.41184 0.49993 -0.31253
1403638208.345097065 5.73720 10.49351 2.87322 0.69637 0.41166 0.49951 -0.30999
1403638208.445096970 5.62644 10.51044 2.86231 0.69908 0.41324 0.49654 -0.30653
1403638208.545097113 5.51403 10.51930 2.84826 0.69901 0.41758 0.49185 -0.30838
1403638208.595097065 5.45781 10.52528 2.84644 0.69716 0.42255 0.48946 -0.30958
1403638208.645097017 5.40034 10.53002 2.84183 0.69417 0.42685 0.48784 -0.31295
1403638208.695096970 5.35068 10.53857 2.84670 0.69191 0.43035 0.48570 -0.31647
1403638208.745096922 5.28946 10.53668 2.84139 0.68997 0.43330 0.48320 -0.32049
1403638208.795097113 5.24590 10.53851 2.83891 0.68754 0.43657 0.48172 -0.32347
1403638208.895097017 5.12928 10.54024 2.85109 0.68240 0.44244 0.48106 -0.32735
1403638208.995096922 5.03379 10.53654 2.84668 0.67858 0.44677 0.48065 -0.32999
1403638209.095097065 4.93419 10.53076 2.83908 0.67695 0.44909 0.47884 -0.33282
1403638209.245096922 4.78777 10.51630 2.80838 0.67588 0.45115 0.47757 -0.33403
1403638209.395097017 4.65513 10.49741 2.77298 0.67671 0.45045 0.47537 -0.33643
1403638209.595097065 4.47887 10.47064 2.70990 0.67469 0.44755 0.47878 -0.33950
1403638209.745096922 4.34110 10.44239 2.61091 0.67661 0.44667 0.47800 -0.33795
1403638209.895097017 4.22663 10.40534 2.47505 0.67331 0.44838 0.48387 -0.33388
1403638210.095097065 4.07587 10.34498 2.27671 0.66509 0.44408 0.49583 -0.33853
1403638210.295097113 3.91204 10.26440 2.09971 0.66191 0.44060 0.50021 -0.34283
1403638210.445096970 3.78897 10.17702 1.97042 0.66270 0.44119 0.49957 -0.34149
1403638210.595097065 3.66882 10.07477 1.83491 0.66235 0.43943 0.50068 -0.34281
1403638210.745096922 3.54949 9.95749 1.69091 0.66244 0.43708 0.50100 -0.34516
1403638210.845097065 3.45716 9.86890 1.60218 0.66380 0.43706 0.49944 -0.34483
1403638210.945096970 3.38569 9.77204 1.51790 0.66755 0.43868 0.49428 -0.34297
1403638211.045097113 3.30168 9.67204 1.45104 0.67083 0.43970 0.48932 -0.34237
1403638211.145097017 3.24252 9.55909 1.37686 0.67368 0.44124 0.48502 -0.34092
1403638211.245096922 3.15809 9.45569 1.32130 0.67579 0.44182 0.48184 -0.34049
1403638211.395097017 3.05442 9.29511 1.24371 0.67950 0.43759 0.48352 -0.33615
1403638211.495096922 2.98829 9.18349 1.18843 0.68588 0.42897 0.48634 -0.33020
1403638211.595097065 2.92601 9.06643 1.12742 0.69420 0.41549 0.49038 -0.32400
1403638211.645097017 2.89469 9.00548 1.09627 0.69864 0.40696 0.49335 -0.32077
1403638211.695096970 2.86535 8.94249 1.06237 0.70357 0.39711 0.49698 -0.31670
1403638211.745096922 2.83711 8.87947 1.02808 0.70996 0.38719 0.49914 -0.31130
1403638211.795097113 2.80967 8.81517 0.99396 0.71642 0.37567 0.50195 -0.30602
1403638211.845097065 2.78302 8.75041 0.96048 0.72367 0.36341 0.50334 -0.30146
1403638211.895097017 2.75789 8.68502 0.92821 0.72961 0.35178 0.50643 -0.29573
1403638211.945096970 2.73412 8.61841 0.89792 0.73522 0.34056 0.50996 -0.28882
1403638211.995096922 2.71118 8.55043 0.86970 0.74076 0.32971 0.51295 -0.28185
1403638212.045097113 2.68941 8.48144 0.84315 0.74560 0.31902 0.51633 -0.27513
1403638212.095097065 2.66871 8.41138 0.81868 0.74980 0.30943 0.52051 -0.26668
1403638212.145097017 2.64926 8.34092 0.79656 0.75375 0.30023 0.52450 -0.25814
1403638212.195096970 2.63071 8.26943 0.77702 0.75682 0.29122 0.52959 -0.24888
1403638212.245096922 2.61246 8.19694 0.75971 0.76085 0.28115 0.53304 -0.24069
1403638212.295097113 2.59456 8.12359 0.74555 0.76423 0.27137 0.53676 -0.23278
1403638212.345097065 2.57694 8.04901 0.73192 0.76824 0.26195 0.53922 -0.22458
1403638212.395097017 2.56049 7.97399 0.72040 0.77062 0.25279 0.54390 -0.21543
1403638212.445096970 2.54400 7.89730 0.70985 0.77435 0.24306 0.54615 -0.20741
1403638212.495096922 2.52712 7.81886 0.70186 0.77660 0.23209 0.55012 -0.20099
1403638212.545097113 2.50987 7.73896 0.69427 0.78018 0.22093 0.55179 -0.19501
1403638212.595097065 2.49305 7.65826 0.68798 0.78332 0.21118 0.55405 -0.18668
1403638212.645097017 2.47611 7.57680 0.68314 0.78676 0.19944 0.55546 -0.18083
1403638212.695096970 2.45944 7.49465 0.68043 0.78974 0.18921 0.55738 -0.17272
1403638212.745096922 2.44261 7.41129 0.67975 0.79320 0.17977 0.55854 -0.16291
1403638212.795097113 2.42596 7.32722 0.68117 0.79497 0.16809 0.56172 -0.15568
1403638212.845097065 2.40979 7.24296 0.68350 0.79774 0.15662 0.56333 -0.14748
1403638212.895097017 2.39419 7.15831 0.68680 0.80076 0.14384 0.56421 -0.14055
1403638212.945096970 2.37910 7.07348 0.69207 0.80296 0.13187 0.56618 -0.13157
1403638212.995096922 2.36413 6.98752 0.69815 0.80605 0.11958 0.56655 -0.12249
1403638213.045097113 2.34970 6.90171 0.70690 0.80787 0.10641 0.56839 -0.11378
1403638213.095097065 2.33550 6.81539 0.71597 0.81027 0.09299 0.56893 -0.10554
1403638213.145097017 2.32143 6.72864 0.72461 0.81293 0.07858 0.56858 -0.09839
1403638213.195096970 2.30786 6.64189 0.73220 0.81658 0.06419 0.56636 -0.09117
1403638213.245096922 2.29490 6.55492 0.73817 0.82095 0.04903 0.56249 -0.08512
1403638213.295097113 2.28284 6.46744 0.74290 0.82489 0.03322 0.55865 -0.07976
1403638213.345097065 2.27180 6.37913 0.74587 0.82912 0.01735 0.55379 -0.07468
1403638213.395097017 2.26209 6.28988 0.74792 0.83204 0.00119 0.55030 -0.06987
1403638213.445096970 2.25370 6.19913 0.74890 0.83456 -0.01498 0.54676 -0.06585
1403638213.495096922 2.24701 6.10638 0.74937 0.83519 -0.03044 0.54572 -0.06092
1403638213.545097113 2.24154 6.01114 0.74843 0.83511 -0.04317 0.54572 -0.05407
1403638213.595097065 2.23797 5.91382 0.74742 0.83223 -0.05099 0.55038 -0.04334
1403638213.645097017 2.23587 5.81499 0.74661 0.82794 -0.05494 0.55728 -0.03072
1403638213.695096970 2.23465 5.71546 0.74656 0.82330 -0.05728 0.56437 -0.01943
1403638213.745096922 2.23373 5.61525 0.74745 0.81929 -0.05774 0.57040 -0.00848
1403638213.795097113 2.23352 5.51488 0.74910 0.81637 -0.05794 0.57462 0.00061
1403638213.845097065 2.23376 5.41448 0.75224 0.81453 -0.05775 0.57718 0.00784
1403638213.895097017 2.23465 5.31418 0.75676 0.81340 -0.05836 0.57865 0.01158
1403638213.945096970 2.23538 5.21384 0.76201 0.81374 -0.05733 0.57816 0.01637
1403638214.045097113 2.23420 5.01647 0.77644 0.81650 -0.05723 0.57423 0.01773
1403638214.145097017 2.23354 4.82073 0.79470 0.82308 -0.05541 0.56493 0.01795
1403638214.245096922 2.23618 4.62695 0.81600 0.82975 -0.05227 0.55543 0.01660
1403638214.345097065 2.24122 4.43276 0.83227 0.83449 -0.04917 0.54864 0.01400
1403638214.445096970 2.25207 4.23862 0.84240 0.83611 -0.04459 0.54659 0.01261
1403638214.545097113 2.26855 4.04540 0.84802 0.83098 -0.04024 0.55473 0.01138
1403638214.645097017 2.28850 3.85316 0.84731 0.82462 -0.03633 0.56442 0.01027
1403638214.745096922 2.30960 3.66503 0.84188 0.81836 -0.03255 0.57371 0.00925
1403638214.845097065 2.32976 3.48140 0.83079 0.81442 -0.02947 0.57947 0.00793
1403638214.945096970 2.34822 3.30139 0.81407 0.81202 -0.02714 0.58296 0.00722
1403638215.045097113 2.36574 3.12529 0.79164 0.81130 -0.02600 0.58402 0.00619
1403638215.145097017 2.38259 2.95187 0.76520 0.81165 -0.02422 0.58360 0.00685
1403638215.245096922 2.39762 2.77834 0.73500 0.81378 -0.02283 0.58066 0.00845
1403638215.345097065 2.41227 2.60854 0.70383 0.81556 -0.02028 0.57819 0.01247
1403638215.445096970 2.42709 2.44198 0.67639 0.81521 -0.01649 0.57866 0.01784
1403638215.545097113 2.44099 2.28129 0.65721 0.81552 -0.01593 0.57820 0.01888
1403638215.645097017 2.45379 2.12681 0.64590 0.81353 -0.01596 0.58100 0.01852
1403638215.795097113 2.46798 1.90708 0.63576 0.81288 -0.02103 0.58188 0.01415
1403638215.895097017 2.47448 1.76396 0.62384 0.81286 -0.02684 0.58165 0.01519
1403638215.995096922 2.47774 1.62510 0.60612 0.81251 -0.03162 0.58185 0.01669
1403638216.095097065 2.47751 1.49196 0.58525 0.81222 -0.03385 0.58201 0.02028
1403638216.195096970 2.47447 1.36312 0.56800 0.81216 -0.03546 0.58190 0.02281
1403638216.295097113 2.46850 1.23808 0.55802 0.81099 -0.03651 0.58337 0.02538
1403638216.395097017 2.46703 1.10915 0.55538 0.80953 -0.03693 0.58527 0.02737
1403638216.545097113 2.44528 0.94670 0.55677 0.80940 -0.03738 0.58536 0.02880
1403638216.695096970 2.42458 0.78304 0.54468 0.81169 -0.03535 0.58209 0.03296
1403638216.845097065 2.40286 0.62944 0.51734 0.80869 -0.03543 0.58591 0.03832
1403638216.945096970 2.38360 0.53819 0.50177 0.80614 -0.04255 0.58864 0.04281
1403638217.045097113 2.36415 0.44263 0.46994 0.80617 -0.05606 0.58726 0.04565
1403638217.095097065 2.35157 0.39884 0.45618 0.80708 -0.06357 0.58503 0.04822
1403638217.145097017 2.33773 0.35487 0.44084 0.80790 -0.07152 0.58273 0.05113
1403638217.195096970 2.32403 0.31300 0.42628 0.80846 -0.07821 0.58080 0.05425
1403638217.245096922 2.31037 0.27106 0.41013 0.80917 -0.08306 0.57875 0.05824
1403638217.345097065 2.28384 0.19244 0.38513 0.80978 -0.09083 0.57609 0.06424
1403638217.445096970 2.25585 0.11892 0.36960 0.81050 -0.09640 0.57369 0.06840
1403638217.545097113 2.22801 0.04885 0.36186 0.81130 -0.09723 0.57154 0.07541
1403638217.695096970 2.18603 -0.04842 0.36594 0.81226 -0.09280 0.56926 0.08690
1403638217.845097065 2.14450 -0.13149 0.38536 0.81466 -0.08659 0.56546 0.09533
1403638218.095097065 2.08137 -0.23883 0.41563 0.81093 -0.08085 0.57140 0.09675
1403638218.345097065 2.03601 -0.30244 0.40198 0.80373 -0.07999 0.58285 0.08885
1403638218.695096970 1.94703 -0.30953 0.43899 0.80854 -0.08479 0.57743 0.07511
1403638218.795097113 1.92291 -0.30390 0.45052 0.81281 -0.09049 0.57014 0.07801
1403638218.945096970 1.87963 -0.28954 0.46149 0.81419 -0.10592 0.56560 0.07725
1403638219.095097065 1.84496 -0.26541 0.45831 0.81037 -0.12536 0.56864 0.06508
1403638219.245096922 1.80962 -0.24500 0.45123 0.80527 -0.12568 0.57467 0.07416
1403638219.345097065 1.78541 -0.23372 0.44194 0.79917 -0.12203 0.58273 0.08288
1403638219.445096970 1.75927 -0.22727 0.43934 0.79161 -0.11980 0.59272 0.08764
1403638219.745096922 1.64547 -0.17141 0.43647 0.79450 -0.12609 0.58888 0.07800
1403638219.895097017 1.56788 -0.14168 0.42736 0.79859 -0.13480 0.58301 0.06474
1403638220.045097113 1.49145 -0.12053 0.40848 0.80201 -0.14115 0.57773 0.05554
1403638220.245096922 1.37426 -0.10531 0.38263 0.80654 -0.13024 0.57221 0.07151
1403638220.395097017 1.28231 -0.11319 0.39587 0.80897 -0.11983 0.56888 0.08707
1403638220.845097065 1.02219 -0.09255 0.43278 0.80776 -0.12187 0.56951 0.09122
1403638221.145097017 0.85872 -0.05806 0.39760 0.80971 -0.12512 0.56596 0.09163
1403638221.395097017 0.72745 -0.02476 0.38899 0.81282 -0.12980 0.56111 0.08734
1403638222.045097113 0.45601 0.04057 0.37995 0.80723 -0.12901 0.56911 0.08854
1403638222.195096970 0.40311 0.04997 0.39295 0.81241 -0.12800 0.56167 0.09022
1403638222.345097065 0.35705 0.06416 0.39666 0.81748 -0.12967 0.55413 0.08860
1403638222.845097065 0.23831 0.10223 0.33912 0.80792 -0.12928 0.56797 0.08925
1403638222.945096970 0.22231 0.10999 0.32168 0.80036 -0.12845 0.57868 0.08975
1403638223.145097017 0.17385 0.12640 0.29337 0.80579 -0.12843 0.57114 0.08946
1403638223.195096970 0.15560 0.13603 0.29105 0.81109 -0.13050 0.56355 0.08666
1403638223.295097113 0.12718 0.14531 0.28936 0.81858 -0.13499 0.55245 0.08063
1403638223.495096922 0.08383 0.16308 0.27807 0.81136 -0.14434 0.56238 0.06774
1403638223.745096922 0.03496 0.16047 0.25019 0.80939 -0.13359 0.56569 0.08389
1403638223.945096970 -0.00316 0.15806 0.21689 0.81082 -0.12471 0.56365 0.09650
1403638224.095097065 -0.02342 0.15230 0.19532 0.81538 -0.12442 0.55713 0.09629
1403638224.195096970 -0.03597 0.14742 0.17821 0.82166 -0.12615 0.54789 0.09371
1403638224.395097017 -0.04608 0.15846 0.15176 0.81476 -0.12858 0.55801 0.09091
1403638224.495096922 -0.04485 0.16218 0.13478 0.80709 -0.13168 0.56905 0.08629
1403638224.695096970 -0.04973 0.17294 0.10669 0.81131 -0.12989 0.56309 0.08853
1403638224.745096922 -0.04944 0.17535 0.09990 0.81674 -0.13044 0.55515 0.08795
1403638224.945096970 -0.04189 0.18721 0.09363 0.81219 -0.13520 0.56183 0.08010
1403638225.045097113 -0.03346 0.19090 0.09407 0.80561 -0.13826 0.57131 0.07405
1403638225.295097113 -0.02509 0.19163 0.10453 0.81525 -0.12941 0.55821 0.08377
1403638225.445096970 -0.01712 0.18993 0.11029 0.81151 -0.12672 0.56376 0.08701
1403638225.545097113 -0.01010 0.18878 0.10632 0.80121 -0.12447 0.57831 0.09020
1403638225.645097017 0.00550 0.18713 0.09110 0.79082 -0.12246 0.59243 0.09290
1403638225.745096922 0.00373 0.19011 0.06989 0.79310 -0.12186 0.58939 0.09365
1403638225.795097113 0.00114 0.19282 0.05515 0.79787 -0.12288 0.58290 0.09238
1403638225.845097065 -0.00206 0.19618 0.03838 0.80445 -0.12327 0.57377 0.09193
1403638225.895097017 -0.00531 0.19996 0.02068 0.81040 -0.12383 0.56532 0.09134
1403638225.945096970 -0.00841 0.20427 0.00265 0.81465 -0.12459 0.55919 0.09015
1403638225.995096922 -0.01089 0.20882 -0.01619 0.81861 -0.12692 0.55336 0.08696
1403638226.045097113 -0.00968 0.21529 -0.02319 0.82486 -0.12503 0.54468 0.08538
1403638226.095097065 -0.00539 0.22063 -0.01628 0.82165 -0.13706 0.54915 0.06735
1403638226.145097017 -0.00032 0.22494 -0.01156 0.82248 -0.13914 0.54798 0.06236
1403638226.195096970 0.00326 0.23029 -0.01972 0.82683 -0.13481 0.54182 0.06788
1403638226.245096922 0.00759 0.23310 -0.02874 0.82765 -0.12371 0.54019 0.08875
1403638226.295097113 0.00615 0.23697 -0.02764 0.81867 -0.13337 0.55267 0.08094
1403638226.345097065 0.00664 0.24047 -0.02934 0.82374 -0.12449 0.54629 0.08668
