1403638523.577829599 0.02626 -0.02634 0.25905 0.81686 0.02112 0.57463 -0.04576
1403638523.677829504 0.01102 -0.02083 0.20852 0.82622 0.02402 0.56149 -0.03887
1403638523.777829409 0.00826 -0.02789 0.15838 0.83076 0.02692 0.55486 -0.03526
1403638523.877829552 -0.00003 -0.02627 0.11715 0.83130 0.02986 0.55410 -0.03199
1403638523.977829456 -0.00541 -0.03892 0.08211 0.83131 0.03601 0.55417 -0.02283
1403638524.077829599 -0.00955 -0.03825 0.07455 0.83442 0.04441 0.54912 -0.01569
1403638524.177829504 -0.01201 -0.03757 0.09157 0.83883 0.04966 0.54187 -0.01664
1403638524.277829409 -0.00926 -0.03950 0.12780 0.83974 0.05070 0.54014 -0.02282
1403638524.377829552 -0.00675 -0.03783 0.18603 0.83696 0.04907 0.54410 -0.03216
1403638524.477829456 -0.00087 -0.03621 0.24599 0.83036 0.04729 0.55384 -0.03917
1403638524.577829599 0.00674 -0.03461 0.30560 0.82152 0.04584 0.56676 -0.04222
1403638524.677829504 0.01512 -0.03193 0.35932 0.81503 0.04044 0.57673 -0.03830
1403638524.777829409 0.02135 -0.02792 0.39972 0.81118 0.03522 0.58319 -0.02533
1403638525.077829599 0.02466 -0.01278 0.42427 0.80536 0.03852 0.59096 -0.02617
1403638525.377829552 0.02911 -0.02185 0.28959 0.81547 0.05380 0.57562 -0.02774
1403638525.477829456 0.02505 -0.02282 0.23809 0.82767 0.05576 0.55725 -0.03639
1403638525.577829599 0.02507 -0.02841 0.18762 0.83668 0.05535 0.54320 -0.04275
1403638525.677829504 0.01888 -0.02675 0.15280 0.83959 0.05248 0.53889 -0.04387
1403638525.777829409 0.01865 -0.03012 0.12164 0.83802 0.04682 0.54206 -0.04134
1403638525.877829552 0.01627 -0.03211 0.09994 0.83433 0.04255 0.54854 -0.03448
1403638525.977829456 0.01187 -0.04080 0.09083 0.83292 0.04151 0.55121 -0.02626
1403638526.077829599 0.00863 -0.05959 0.09363 0.83451 0.03948 0.54913 -0.02199
1403638526.177829504 0.00640 -0.09026 0.09860 0.83688 0.03051 0.54615 -0.02032
1403638526.277829409 0.00031 -0.12889 0.11288 0.83596 0.02156 0.54810 -0.01700
1403638526.377829552 -0.01206 -0.16464 0.13107 0.83180 0.01297 0.55472 -0.01475
1403638526.477829456 -0.01301 -0.21384 0.13902 0.82675 0.00209 0.56240 -0.01370
1403638526.577829599 -0.02038 -0.26772 0.14517 0.82138 -0.00895 0.57018 -0.01239
1403638526.677829504 -0.02892 -0.32874 0.15128 0.81619 -0.01728 0.57746 -0.00814
1403638526.777829409 -0.04658 -0.39512 0.15781 0.81308 -0.02276 0.58170 0.00022
1403638526.877829552 -0.06260 -0.46116 0.16405 0.81232 -0.02603 0.58257 0.00824
1403638526.977829456 -0.08130 -0.52439 0.15708 0.81542 -0.03236 0.57783 0.01247
1403638527.077829599 -0.09283 -0.58241 0.16652 0.81997 -0.04535 0.57026 0.01999
1403638527.177829504 -0.10375 -0.63411 0.17149 0.82174 -0.06049 0.56597 0.02775
1403638527.277829409 -0.11163 -0.67253 0.17878 0.81881 -0.07425 0.56789 0.03924
1403638527.377829552 -0.11115 -0.69766 0.18813 0.81369 -0.08303 0.57273 0.05469
1403638527.477829456 -0.10395 -0.69790 0.18627 0.81009 -0.08740 0.57610 0.06497
1403638527.777829409 -0.06668 -0.59472 0.18442 0.81143 -0.07726 0.57619 0.06017
1403638527.877829552 -0.04689 -0.54191 0.18457 0.81467 -0.07217 0.57358 0.04589
1403638527.977829456 -0.02672 -0.48219 0.18637 0.81563 -0.06698 0.57360 0.03532
1403638528.077829599 -0.00324 -0.41828 0.18487 0.81445 -0.05934 0.57651 0.02817
1403638528.177829504 0.01746 -0.36348 0.18045 0.81481 -0.05030 0.57725 0.01826
1403638528.277829409 0.04203 -0.31100 0.17394 0.81625 -0.03950 0.57631 0.00556
1403638528.377829552 0.07516 -0.27843 0.16909 0.81592 -0.03118 0.57732 -0.00185
1403638528.777829409 0.21511 -0.20429 0.16237 0.81781 -0.04456 0.57374 0.00443
1403638529.177829504 0.18958 -0.16302 0.20315 0.81882 -0.05326 0.57145 0.01226
1403638529.277829409 0.15823 -0.13692 0.20128 0.82076 -0.04736 0.56880 0.02405
1403638529.377829552 0.12328 -0.11999 0.19367 0.82605 -0.04303 0.56125 0.02821
1403638529.477829456 0.09153 -0.10358 0.16747 0.83614 -0.04051 0.54635 0.02686
1403638529.577829599 0.06199 -0.09589 0.14354 0.84630 -0.03733 0.53084 0.02427
1403638529.677829504 0.05396 -0.08819 0.11427 0.85020 -0.03437 0.52471 0.02560
1403638529.777829409 0.03741 -0.07208 0.09485 0.84666 -0.03375 0.53049 0.02491
1403638529.877829552 0.02558 -0.06464 0.07587 0.84022 -0.03486 0.54062 0.02353
1403638529.977829456 0.02501 -0.05868 0.06144 0.83764 -0.03505 0.54461 0.02309
1403638530.177829504 0.04693 -0.05704 0.04185 0.84081 -0.04004 0.53928 0.02490
1403638530.277829409 0.06044 -0.05780 0.03325 0.84039 -0.04607 0.53935 0.02709
1403638530.377829552 0.07262 -0.06092 0.02467 0.83975 -0.05127 0.53974 0.02965
1403638530.477829456 0.08342 -0.06395 0.01831 0.83951 -0.05516 0.53970 0.02999
1403638530.577829599 0.09017 -0.06771 0.01401 0.83952 -0.05851 0.53937 0.02933
1403638530.677829504 0.09351 -0.07046 0.00995 0.84253 -0.06071 0.53434 0.03053
1403638530.777829409 0.09571 -0.07209 0.00529 0.84595 -0.06227 0.52872 0.03066
1403638530.977829456 0.09840 -0.07320 -0.00141 0.84442 -0.06179 0.53138 0.02768
1403638531.177829504 0.09761 -0.07059 -0.00173 0.83892 -0.05845 0.54032 0.02924
1403638538.877829552 0.09808 -0.06922 -0.00165 0.83341 -0.06023 0.54807 0.03768
1403638538.977829456 0.10086 -0.06857 0.00160 0.82864 -0.05958 0.55527 0.03856
1403638539.077829599 0.10445 -0.06814 0.00587 0.82304 -0.06112 0.56326 0.04016
1403638539.177829504 0.11108 -0.06757 0.01472 0.81775 -0.06163 0.57090 0.03957
1403638539.277829409 0.11890 -0.06709 0.03130 0.81406 -0.06092 0.57622 0.03949
1403638539.377829552 0.12635 -0.06675 0.05523 0.81500 -0.06046 0.57496 0.03918
1403638539.477829456 0.13496 -0.06728 0.08564 0.81708 -0.05943 0.57214 0.03881
1403638539.977829456 0.19072 -0.06960 0.17978 0.82705 -0.05512 0.55833 0.03479
1403638540.077829599 0.20991 -0.06992 0.18766 0.83298 -0.05503 0.54947 0.03459
1403638540.377829552 0.30594 -0.07269 0.21283 0.82673 -0.05140 0.55912 0.03557
1403638540.477829456 0.35134 -0.07452 0.22422 0.82450 -0.04539 0.56312 0.03237
1403638540.577829599 0.39881 -0.07499 0.23201 0.82482 -0.03387 0.56382 0.02504
1403638540.677829504 0.44565 -0.07081 0.23810 0.82507 -0.01664 0.56454 0.01667
1403638540.777829409 0.49606 -0.06708 0.24444 0.82430 0.00741 0.56604 0.00866
1403638540.877829552 0.53948 -0.05671 0.24258 0.82369 0.03547 0.56592 -0.00172
1403638540.977829456 0.60479 -0.04975 0.26174 0.82220 0.06183 0.56561 -0.01555
1403638541.077829599 0.65446 -0.03113 0.25215 0.82004 0.08141 0.56572 -0.02937
1403638541.177829504 0.70881 -0.01098 0.24930 0.81832 0.09472 0.56555 -0.03910
1403638541.277829409 0.76392 0.01314 0.24443 0.81753 0.10351 0.56478 -0.04421
1403638541.477829456 0.87279 0.07508 0.25265 0.81713 0.10737 0.56429 -0.04845
1403638541.677829504 0.98133 0.16873 0.28540 0.81396 0.11106 0.56782 -0.05209
1403638541.777829409 1.03676 0.20816 0.31339 0.81261 0.11670 0.56764 -0.06194
1403638541.877829552 1.09074 0.26054 0.34619 0.81117 0.12569 0.56633 -0.07393
1403638541.977829456 1.13769 0.32091 0.37867 0.81008 0.14005 0.56286 -0.08571
1403638542.077829599 1.18424 0.37281 0.40367 0.80794 0.15714 0.55910 -0.09974
1403638542.177829504 1.23135 0.43616 0.42258 0.80406 0.17712 0.55574 -0.11519
1403638542.277829409 1.27294 0.50013 0.43600 0.80003 0.20054 0.55025 -0.13021
1403638542.377829552 1.31599 0.56222 0.44539 0.79224 0.22248 0.54961 -0.14414
1403638542.477829456 1.35999 0.62498 0.45174 0.77859 0.24286 0.55869 -0.15058
1403638542.577829599 1.40174 0.68926 0.45551 0.76646 0.26145 0.56795 -0.14700
1403638542.677829504 1.43699 0.75702 0.46193 0.76298 0.27094 0.56795 -0.14791
1403638542.777829409 1.46552 0.82970 0.47507 0.76708 0.26996 0.56038 -0.15709
1403638542.877829552 1.48723 0.90493 0.49569 0.77245 0.26694 0.55243 -0.16395
1403638543.077829599 1.51804 1.05581 0.55153 0.78061 0.26081 0.54165 -0.17097
1403638543.377829552 1.56087 1.28807 0.60666 0.78338 0.25517 0.54034 -0.17097
1403638543.477829456 1.57401 1.36653 0.61834 0.78237 0.25966 0.53893 -0.17332
1403638543.577829599 1.58719 1.44882 0.62583 0.77938 0.27077 0.53607 -0.17854
1403638543.677829504 1.59725 1.52949 0.63015 0.77363 0.28854 0.53267 -0.18576
1403638543.777829409 1.60692 1.60829 0.63530 0.76545 0.31009 0.52855 -0.19635
1403638543.877829552 1.61851 1.69296 0.64723 0.75538 0.33261 0.52486 -0.20810
1403638543.977829456 1.63018 1.77942 0.66657 0.74689 0.35093 0.51927 -0.22217
1403638544.077829599 1.64062 1.86663 0.68994 0.74292 0.36217 0.51061 -0.23702
1403638544.177829504 1.65265 1.95621 0.71311 0.73984 0.36864 0.50553 -0.24736
1403638544.277829409 1.66618 2.04647 0.73004 0.73726 0.37202 0.50345 -0.25416
1403638544.477829456 1.69764 2.22741 0.74845 0.73711 0.37579 0.50043 -0.25499
1403638544.677829504 1.73352 2.41236 0.76795 0.72795 0.37428 0.51123 -0.26202
1403638544.977829456 1.78426 2.68477 0.81008 0.73118 0.37824 0.50388 -0.26157
1403638545.277829409 1.83444 2.95444 0.80709 0.72892 0.38089 0.50482 -0.26220
1403638545.477829456 1.86775 3.12984 0.78114 0.72619 0.38092 0.50667 -0.26615
1403638545.577829599 1.88211 3.21647 0.77124 0.72394 0.38764 0.50255 -0.27036
1403638545.677829504 1.89505 3.30221 0.76697 0.71835 0.39909 0.49672 -0.27922
1403638545.777829409 1.90910 3.38658 0.76931 0.71057 0.41554 0.48931 -0.28807
1403638545.877829552 1.92335 3.47317 0.77840 0.69988 0.43498 0.48119 -0.29900
1403638545.977829456 1.93804 3.56260 0.79351 0.68736 0.45692 0.47267 -0.30878
1403638546.077829599 1.95323 3.65076 0.81230 0.67535 0.47578 0.46707 -0.31524
1403638546.177829504 1.96824 3.74281 0.82644 0.66663 0.48809 0.46168 -0.32283
1403638546.277829409 1.98237 3.83493 0.83383 0.66189 0.49564 0.45693 -0.32781
1403638546.377829552 1.99529 3.92845 0.83521 0.66037 0.49776 0.45226 -0.33409
1403638546.577829599 2.02114 4.11650 0.82559 0.65794 0.50225 0.44801 -0.33785
1403638546.677829504 2.03213 4.21460 0.82732 0.65310 0.50813 0.44569 -0.34150
1403638546.877829552 2.05368 4.41806 0.85669 0.64490 0.51876 0.44297 -0.34464
1403638547.177829504 2.07455 4.73321 0.88892 0.63707 0.52972 0.44611 -0.33843
1403638547.477829456 2.06002 5.05371 0.87750 0.64016 0.52532 0.44226 -0.34444
1403638547.677829504 2.03485 5.26739 0.84961 0.64473 0.52038 0.43841 -0.34831
1403638547.977829456 1.99015 5.60139 0.78311 0.64105 0.52346 0.44429 -0.34302
1403638548.177829504 1.94882 5.84081 0.76288 0.63683 0.53120 0.43549 -0.35018
1403638548.277829409 1.92513 5.96370 0.76585 0.63042 0.53972 0.42886 -0.35686
1403638548.377829552 1.89988 6.08881 0.77759 0.62098 0.55115 0.42157 -0.36455
1403638548.477829456 1.87380 6.21543 0.79600 0.61139 0.56175 0.41444 -0.37266
1403638548.577829599 1.84856 6.33853 0.81337 0.60345 0.56965 0.40933 -0.37920
1403638548.677829504 1.82414 6.46196 0.82639 0.59791 0.57512 0.40525 -0.38408
1403638548.877829552 1.77427 6.71719 0.84916 0.59186 0.58180 0.40073 -0.38811
1403638549.077829599 1.72287 6.97522 0.89751 0.59059 0.58315 0.39884 -0.38995
1403638549.277829409 1.67130 7.22774 0.96981 0.59138 0.58128 0.39852 -0.39187
1403638549.477829456 1.61902 7.49639 1.05111 0.59439 0.57679 0.39661 -0.39587
1403638549.677829504 1.56781 7.76977 1.11488 0.59402 0.57352 0.39930 -0.39846
1403638549.877829552 1.52289 8.03915 1.18045 0.59571 0.57423 0.39832 -0.39588
1403638550.077829599 1.47999 8.32570 1.27613 0.59695 0.57403 0.39681 -0.39583
1403638550.277829409 1.44286 8.61980 1.40226 0.59699 0.57475 0.39543 -0.39611
1403638550.477829456 1.41266 8.91695 1.53350 0.59658 0.57362 0.39489 -0.39889
1403638550.577829599 1.39970 9.06837 1.58645 0.59723 0.57126 0.39334 -0.40282
1403638550.677829504 1.39060 9.21600 1.63347 0.59560 0.56789 0.39557 -0.40778
1403638550.777829409 1.38537 9.35879 1.67558 0.59484 0.56571 0.39675 -0.41077
1403638550.877829552 1.38324 9.50249 1.71487 0.59109 0.56146 0.40222 -0.41665
1403638550.977829456 1.38336 9.64150 1.75053 0.58693 0.55696 0.40863 -0.42229
1403638551.077829599 1.38684 9.77109 1.78108 0.58446 0.55407 0.41230 -0.42593
1403638551.277829409 1.40546 10.01821 1.85435 0.58670 0.55015 0.40918 -0.43091
1403638551.477829456 1.44640 10.23796 1.93421 0.60703 0.53786 0.40857 -0.41868
1403638551.577829599 1.47519 10.34381 1.96907 0.62221 0.52158 0.41321 -0.41240
1403638551.677829504 1.51209 10.45000 1.99870 0.63927 0.50316 0.41683 -0.40549
1403638551.777829409 1.55799 10.55048 2.02345 0.65347 0.48470 0.42546 -0.39627
1403638551.877829552 1.61253 10.64403 2.04307 0.66409 0.46916 0.43562 -0.38615
1403638551.977829456 1.67447 10.72906 2.06563 0.66748 0.46150 0.44879 -0.37427
1403638552.077829599 1.74160 10.80396 2.09574 0.66899 0.45648 0.45936 -0.36477
1403638552.177829504 1.81157 10.87161 2.13039 0.67388 0.45337 0.45989 -0.35894
1403638552.377829552 1.96283 10.99175 2.20699 0.67890 0.44955 0.45796 -0.35675
1403638552.477829456 2.04227 11.03836 2.24107 0.67519 0.44405 0.46300 -0.36409
1403638552.577829599 2.12562 11.08075 2.26989 0.67147 0.44062 0.46729 -0.36962
1403638552.777829409 2.30350 11.14229 2.30679 0.66854 0.44412 0.46824 -0.36953
1403638552.977829456 2.49394 11.17185 2.32401 0.66480 0.45417 0.46903 -0.36302
1403638553.177829504 2.68889 11.17695 2.32474 0.65866 0.45831 0.47228 -0.36478
1403638553.277829409 2.78623 11.17087 2.32477 0.65290 0.45513 0.47766 -0.37205
1403638553.377829552 2.88381 11.15668 2.33011 0.64767 0.45603 0.48261 -0.37368
1403638553.477829456 2.98179 11.13324 2.34089 0.64221 0.45967 0.48911 -0.37018
1403638553.577829599 3.07916 11.10045 2.35769 0.63790 0.46276 0.49409 -0.36717
1403638553.777829409 3.25867 10.99223 2.40633 0.63743 0.46695 0.49374 -0.36312
1403638553.977829456 3.41985 10.85075 2.47672 0.64232 0.46891 0.48771 -0.36011
1403638554.177829504 3.57195 10.68771 2.53521 0.64851 0.47360 0.47958 -0.35374
1403638554.277829409 3.65002 10.60792 2.56001 0.65438 0.47956 0.47138 -0.34584
1403638554.377829552 3.72221 10.52408 2.57847 0.65764 0.48419 0.46639 -0.33993
1403638554.577829599 3.85368 10.35193 2.59972 0.65989 0.48611 0.46229 -0.33842
1403638554.877829552 4.04151 10.10083 2.64700 0.66292 0.47718 0.45681 -0.35236
1403638555.077829599 4.17141 9.93994 2.68385 0.66687 0.46975 0.45960 -0.35126
1403638555.177829504 4.23955 9.86151 2.69656 0.67298 0.46319 0.46239 -0.34460
1403638555.277829409 4.30967 9.77881 2.70147 0.67920 0.45521 0.46568 -0.33855
1403638555.377829552 4.38056 9.69441 2.70268 0.68240 0.45054 0.47059 -0.33150
1403638555.477829456 4.45515 9.60928 2.69720 0.68451 0.44749 0.47444 -0.32575
1403638555.577829599 4.52365 9.52704 2.69785 0.68585 0.44485 0.47657 -0.32341
1403638555.777829409 4.66521 9.35741 2.70538 0.68882 0.44339 0.47476 -0.32178
1403638555.977829456 4.80511 9.18700 2.74728 0.68755 0.44605 0.47544 -0.31980
1403638556.177829504 4.93971 9.02846 2.80514 0.69203 0.44795 0.46877 -0.31730
1403638556.377829552 5.09180 8.88135 2.82565 0.69741 0.44977 0.46083 -0.31458
1403638556.477829456 5.16856 8.82353 2.83432 0.70058 0.45102 0.45648 -0.31207
1403638556.677829504 5.32052 8.70647 2.86199 0.70610 0.44460 0.44942 -0.31902
1403638556.777829409 5.40191 8.65908 2.88421 0.70301 0.43981 0.45425 -0.32558
1403638556.877829552 5.49085 8.61433 2.90719 0.70156 0.43551 0.45646 -0.33135
1403638556.977829456 5.58124 8.56510 2.94336 0.70012 0.43291 0.45859 -0.33484
1403638557.077829599 5.67901 8.51610 2.97020 0.69865 0.43436 0.46043 -0.33351
1403638557.177829504 5.78012 8.46787 2.99010 0.69706 0.43593 0.46247 -0.33195
1403638557.277829409 5.88469 8.41952 3.00223 0.69598 0.43707 0.46376 -0.33091
1403638557.377829552 5.99131 8.37234 3.01103 0.69476 0.43926 0.46528 -0.32844
1403638557.477829456 6.10018 8.32629 3.02215 0.69174 0.44374 0.46933 -0.32298
1403638557.577829599 6.20974 8.27998 3.03974 0.68933 0.44694 0.47286 -0.31853
1403638557.677829504 6.31918 8.23452 3.06177 0.68816 0.44885 0.47441 -0.31608
1403638557.777829409 6.42716 8.18974 3.08617 0.68784 0.44854 0.47514 -0.31611
1403638557.877829552 6.53505 8.14545 3.10588 0.68779 0.44995 0.47575 -0.31329
1403638557.977829456 6.64144 8.10227 3.12038 0.68902 0.45158 0.47423 -0.31055
1403638558.077829599 6.74676 8.06046 3.12715 0.69275 0.45236 0.46866 -0.30956
1403638558.177829504 6.85191 8.02092 3.13055 0.69854 0.45388 0.46045 -0.30663
1403638558.277829409 6.95806 7.98678 3.13926 0.70265 0.45560 0.45484 -0.30304
1403638558.377829552 7.06436 7.96159 3.16803 0.70399 0.45833 0.45318 -0.29826
1403638558.477829456 7.17239 7.94014 3.18288 0.70763 0.46198 0.44793 -0.29187
1403638558.677829504 7.39481 7.92837 3.25391 0.71093 0.45420 0.44437 -0.30135
1403638558.777829409 7.51066 7.93456 3.29165 0.71065 0.44807 0.44562 -0.30924
1403638558.877829552 7.62927 7.94534 3.32174 0.70940 0.44589 0.44795 -0.31188
1403638558.977829456 7.75111 7.96087 3.34305 0.70463 0.44467 0.45531 -0.31378
1403638559.077829599 7.87532 7.98009 3.35764 0.70019 0.44450 0.46178 -0.31450
1403638559.177829504 8.00007 8.00198 3.36472 0.69679 0.44490 0.46625 -0.31488
1403638559.277829409 8.12536 8.02489 3.36567 0.69396 0.44725 0.46956 -0.31288
1403638559.377829552 8.24983 8.04912 3.36116 0.69166 0.45050 0.47222 -0.30930
1403638559.477829456 8.37022 8.07491 3.35126 0.68935 0.45268 0.47486 -0.30722
1403638559.677829504 8.60445 8.13045 3.31973 0.68614 0.45439 0.47812 -0.30681
1403638559.877829552 8.82430 8.19264 3.29808 0.68607 0.45432 0.47722 -0.30848
1403638559.977829456 8.93222 8.22651 3.29138 0.68962 0.44841 0.47839 -0.30739
1403638560.077829599 9.03835 8.26010 3.27826 0.69750 0.43560 0.48222 -0.30201
1403638560.177829504 9.14337 8.29391 3.25811 0.70724 0.41758 0.48992 -0.29226
1403638560.277829409 9.24757 8.32718 3.23294 0.71807 0.39644 0.49885 -0.27994
1403638560.377829552 9.34939 8.36004 3.20565 0.72592 0.37218 0.51217 -0.26869
1403638560.477829456 9.44624 8.39026 3.17424 0.73398 0.34704 0.52471 -0.25598
1403638560.577829599 9.53919 8.41708 3.13847 0.74323 0.32018 0.53409 -0.24464
1403638560.677829504 9.62846 8.43904 3.09915 0.75375 0.29220 0.53972 -0.23491
1403638560.777829409 9.71619 8.45560 3.06280 0.76255 0.26670 0.54363 -0.22771
1403638560.877829552 9.80210 8.46455 3.03386 0.76903 0.24396 0.54954 -0.21701
1403638560.977829456 9.88704 8.46666 3.01226 0.77333 0.22309 0.55701 -0.20476
1403638561.077829599 9.96996 8.46079 2.99939 0.77588 0.20325 0.56535 -0.19255
1403638561.177829504 10.04703 8.44567 2.99308 0.77725 0.18560 0.57310 -0.18166
1403638561.277829409 10.11872 8.42314 2.99430 0.77751 0.17224 0.57902 -0.17480
1403638561.377829552 10.18467 8.39272 2.99824 0.78206 0.16748 0.57693 -0.16578
1403638561.477829456 10.24528 8.35519 2.99852 0.78784 0.17112 0.57169 -0.15229
1403638561.577829599 10.30196 8.31446 2.99339 0.79122 0.17578 0.56808 -0.14266
1403638561.777829409 10.40882 8.22929 2.96583 0.79291 0.18096 0.56524 -0.13802
1403638561.977829456 10.50586 8.13817 2.91870 0.79316 0.17735 0.56782 -0.13050
1403638562.077829599 10.55007 8.09028 2.89538 0.79493 0.16869 0.56958 -0.12331
1403638562.177829504 10.58907 8.04106 2.87873 0.79675 0.15906 0.57137 -0.11583
1403638562.277829409 10.62739 7.99386 2.86679 0.79776 0.15096 0.57341 -0.10952
1403638562.377829552 10.66186 7.94630 2.86157 0.79865 0.13917 0.57624 -0.10365
1403638562.477829456 10.69183 7.89838 2.86037 0.80100 0.12319 0.57796 -0.09580
1403638562.577829599 10.72179 7.85063 2.86637 0.80337 0.10316 0.58009 -0.08630
1403638562.677829504 10.74932 7.80160 2.87640 0.80625 0.07907 0.58111 -0.07764
1403638562.777829409 10.77417 7.75054 2.88790 0.80791 0.05291 0.58288 -0.06887
1403638562.877829552 10.79374 7.69567 2.89451 0.80914 0.02828 0.58431 -0.05539
1403638562.977829456 10.80924 7.63714 2.89592 0.80990 0.00568 0.58511 -0.04097
1403638563.077829599 10.81852 7.57600 2.89246 0.80977 -0.01836 0.58559 -0.03198
1403638563.177829504 10.82392 7.50967 2.88428 0.80963 -0.03793 0.58536 -0.02022
1403638563.277829409 10.82500 7.43877 2.87171 0.80654 -0.05157 0.58886 -0.00887
1403638563.377829552 10.82178 7.36338 2.85494 0.79883 -0.06099 0.59845 -0.00250
1403638563.477829456 10.81393 7.28354 2.83248 0.79285 -0.06769 0.60565 -0.00148
1403638563.577829599 10.79809 7.19896 2.80985 0.79348 -0.06720 0.60486 0.00396
1403638563.777829409 10.74606 7.01623 2.78404 0.79935 -0.06736 0.59708 0.00096
1403638564.077829599 10.62310 6.70624 2.79198 0.79870 -0.06239 0.59839 -0.01026
1403638564.277829409 10.51255 6.47189 2.78667 0.79711 -0.05208 0.60147 -0.01131
1403638564.477829456 10.37879 6.22037 2.79533 0.79455 -0.04261 0.60560 -0.01083
1403638564.677829504 10.21490 5.95716 2.82062 0.79816 -0.04491 0.60048 -0.01873
1403638564.877829552 10.02671 5.67324 2.82297 0.79835 -0.05038 0.59958 -0.02472
1403638564.977829456 9.92619 5.52131 2.80513 0.79788 -0.05212 0.59996 -0.02665
1403638565.077829599 9.81924 5.36652 2.76991 0.79830 -0.05289 0.59929 -0.02782
1403638565.177829504 9.70989 5.20652 2.71943 0.79910 -0.05314 0.59818 -0.02824
1403638565.277829409 9.59719 5.03931 2.66258 0.80009 -0.05233 0.59700 -0.02659
1403638565.377829552 9.48148 4.86588 2.60246 0.80112 -0.05104 0.59584 -0.02386
1403638565.477829456 9.36301 4.68926 2.54221 0.80047 -0.05008 0.59692 -0.02090
1403638565.577829599 9.24372 4.50786 2.48839 0.79835 -0.04779 0.60013 -0.01433
1403638565.677829504 9.11960 4.32494 2.44216 0.79804 -0.04178 0.60115 -0.00253
1403638565.777829409 8.99141 4.14210 2.40299 0.80071 -0.03739 0.59785 0.00657
1403638565.877829552 8.85641 3.96240 2.37098 0.80284 -0.03411 0.59505 0.01389
1403638565.977829456 8.71667 3.78532 2.34196 0.80463 -0.03469 0.59254 0.01643
1403638566.077829599 8.57535 3.61267 2.30684 0.80562 -0.03508 0.59112 0.01803
1403638566.177829504 8.43355 3.44362 2.26295 0.80579 -0.03652 0.59086 0.01599
1403638566.277829409 8.29062 3.27716 2.21089 0.80540 -0.03566 0.59143 0.01657
1403638566.377829552 8.14719 3.11436 2.15015 0.80637 -0.03461 0.59016 0.01681
1403638566.477829456 8.00603 2.95607 2.08333 0.80663 -0.03534 0.58985 0.01345
1403638566.577829599 7.86500 2.80097 2.01114 0.80977 -0.03355 0.58565 0.01274
1403638566.677829504 7.72395 2.64980 1.93149 0.81904 -0.03169 0.57274 0.01198
1403638566.777829409 7.58788 2.50200 1.84714 0.83067 -0.02981 0.55584 0.01131
1403638566.877829552 7.45945 2.35841 1.75990 0.83866 -0.02854 0.54382 0.00972
1403638566.977829456 7.33861 2.21911 1.67040 0.84254 -0.02569 0.53794 0.00979
1403638567.077829599 7.22738 2.08080 1.58296 0.83442 -0.02418 0.55052 0.00943
1403638567.177829504 7.12208 1.94530 1.49305 0.82205 -0.02207 0.56888 0.01130
1403638567.277829409 7.02235 1.81355 1.39851 0.81339 -0.02026 0.58120 0.01427
1403638567.377829552 6.91943 1.68343 1.29902 0.81145 -0.01959 0.58384 0.01708
1403638567.477829456 6.81755 1.55868 1.20379 0.81227 -0.02040 0.58262 0.01897
1403638567.577829599 6.71280 1.43532 1.11529 0.81580 -0.02200 0.57756 0.02028
1403638567.677829504 6.60836 1.31568 1.03565 0.81906 -0.02241 0.57279 0.02362
1403638567.777829409 6.50403 1.19934 0.96526 0.82230 -0.02286 0.56801 0.02564
1403638567.877829552 6.40552 1.08936 0.90378 0.82570 -0.02502 0.56301 0.02488
1403638567.977829456 6.31407 0.98354 0.84930 0.82662 -0.02594 0.56162 0.02481
1403638568.077829599 6.22923 0.88253 0.80319 0.82644 -0.02409 0.56182 0.02779
1403638568.277829409 6.07288 0.69737 0.73399 0.82554 -0.02313 0.56303 0.03089
1403638568.477829456 5.93168 0.53113 0.66865 0.82683 -0.02338 0.56109 0.03146
1403638568.677829504 5.80398 0.38357 0.59003 0.82990 -0.02136 0.55648 0.03377
1403638568.877829552 5.69461 0.25983 0.52462 0.83050 -0.02307 0.55564 0.03154
1403638569.077829599 5.60443 0.15670 0.49038 0.82964 -0.02039 0.55682 0.03503
1403638569.277829409 5.53027 0.07219 0.47770 0.83162 -0.01936 0.55373 0.03774
1403638569.677829504 5.44270 -0.03168 0.42094 0.82765 -0.01928 0.55956 0.03888
1403638570.277829409 5.42637 -0.02638 0.40256 0.82319 -0.02738 0.56657 0.02460
1403638570.477829456 5.43141 -0.00175 0.36581 0.82248 -0.05033 0.56639 0.01410
1403638570.577829599 5.43487 0.00591 0.33810 0.81990 -0.07749 0.56719 0.00714
1403638570.677829504 5.43647 0.00519 0.30555 0.81477 -0.10679 0.56981 0.00801
1403638570.777829409 5.43729 -0.00580 0.27050 0.80371 -0.13449 0.57942 0.01532
1403638570.877829552 5.43375 -0.02653 0.23285 0.79204 -0.15900 0.58873 0.02795
1403638570.977829456 5.42301 -0.05937 0.19174 0.78386 -0.18041 0.59257 0.04341
1403638571.077829599 5.40271 -0.10231 0.14726 0.78107 -0.19950 0.58864 0.06024
1403638571.177829504 5.37418 -0.15395 0.10520 0.78369 -0.21177 0.57821 0.08165
1403638571.277829409 5.33947 -0.20546 0.07046 0.78486 -0.21827 0.57094 0.10183
1403638571.377829552 5.29355 -0.27653 0.05097 0.78415 -0.22364 0.56745 0.11442
1403638571.477829456 5.23833 -0.34221 0.04132 0.78130 -0.22836 0.56828 0.12032
1403638571.577829599 5.19435 -0.41443 0.02977 0.77890 -0.23251 0.56842 0.12713
1403638571.777829409 5.08092 -0.56312 -0.00135 0.77797 -0.25527 0.55644 0.14135
1403638571.877829552 5.01939 -0.64402 -0.02316 0.77494 -0.27295 0.55032 0.14870
1403638571.977829456 4.95613 -0.72794 -0.04272 0.76885 -0.29291 0.54644 0.15648
1403638572.077829599 4.89070 -0.81604 -0.05438 0.76189 -0.31205 0.54287 0.16568
1403638572.177829504 4.82022 -0.90805 -0.05651 0.75502 -0.32713 0.53852 0.18148
1403638572.277829409 4.74691 -1.00294 -0.05423 0.75067 -0.34367 0.52925 0.19565
1403638572.477829456 4.59882 -1.20143 -0.05719 0.74180 -0.37494 0.50940 0.22286
1403638572.577829599 4.52667 -1.30661 -0.06238 0.73797 -0.38354 0.50362 0.23381
1403638572.677829504 4.45619 -1.41552 -0.06602 0.73616 -0.38890 0.49936 0.23971
1403638572.777829409 4.38852 -1.52856 -0.06203 0.73753 -0.38864 0.49368 0.24756
1403638572.877829552 4.32400 -1.64499 -0.04982 0.73993 -0.38790 0.48882 0.25118
1403638572.977829456 4.26469 -1.76510 -0.03312 0.74208 -0.38683 0.48608 0.25179
1403638573.177829504 4.15931 -2.00875 -0.01250 0.74574 -0.38432 0.48375 0.24931
1403638573.377829552 4.07362 -2.26358 -0.00051 0.74792 -0.38139 0.48395 0.24687
1403638573.477829456 4.03470 -2.39652 0.00780 0.74801 -0.38145 0.48220 0.24992
1403638573.577829599 4.00324 -2.53288 0.02618 0.74791 -0.38170 0.48130 0.25159
1403638573.677829504 3.97734 -2.67041 0.05223 0.74823 -0.38226 0.47884 0.25445
1403638573.777829409 3.95700 -2.81026 0.08210 0.74461 -0.38566 0.47807 0.26128
1403638573.877829552 3.94248 -2.95103 0.11115 0.73432 -0.39128 0.48182 0.27483
1403638573.977829456 3.93358 -3.09152 0.13455 0.71891 -0.40487 0.48702 0.28648
1403638574.177829504 3.92258 -3.35881 0.16146 0.67654 -0.45063 0.50041 0.29804
1403638574.277829409 3.91225 -3.48948 0.16733 0.65798 -0.47293 0.49894 0.30735
1403638574.377829552 3.89561 -3.61736 0.16934 0.64477 -0.49283 0.48901 0.31979
1403638574.477829456 3.87294 -3.74221 0.16871 0.63325 -0.51084 0.47635 0.33336
1403638574.577829599 3.84654 -3.86443 0.17056 0.62268 -0.52499 0.46736 0.34384
1403638574.777829409 3.78421 -4.10304 0.19676 0.61627 -0.53448 0.44739 0.36658
1403638574.877829552 3.75216 -4.21855 0.21431 0.61838 -0.53880 0.43802 0.36802
1403638574.977829456 3.72008 -4.33126 0.22730 0.62081 -0.54199 0.43176 0.36665
1403638575.177829504 3.65385 -4.55006 0.23623 0.61692 -0.55053 0.43776 0.35311
1403638575.277829409 3.61744 -4.66206 0.23337 0.61563 -0.55131 0.44137 0.34964
1403638575.477829456 3.53483 -4.89198 0.21770 0.62460 -0.54951 0.43495 0.34458
1403638575.577829599 3.48929 -5.01238 0.20772 0.62969 -0.54690 0.43163 0.34364
1403638575.677829504 3.44195 -5.13799 0.20455 0.63608 -0.54153 0.42621 0.34713
1403638575.777829409 3.39431 -5.26522 0.20930 0.64265 -0.53836 0.41945 0.34819
1403638575.877829552 3.35011 -5.39558 0.22347 0.64689 -0.53616 0.41575 0.34816
1403638576.077829599 3.27346 -5.66910 0.27967 0.64789 -0.53390 0.41698 0.34830
1403638576.177829504 3.24010 -5.81405 0.31645 0.64633 -0.53349 0.41926 0.34910
1403638576.277829409 3.20975 -5.96435 0.34984 0.64686 -0.53093 0.41831 0.35312
1403638576.377829552 3.18332 -6.11821 0.37723 0.64839 -0.52794 0.41582 0.35772
1403638576.577829599 3.14612 -6.43162 0.41565 0.65507 -0.52240 0.40483 0.36618
1403638576.677829504 3.13830 -6.59276 0.42718 0.65654 -0.52017 0.40244 0.36935
1403638576.777829409 3.13922 -6.75701 0.43511 0.65416 -0.51650 0.40655 0.37419
1403638576.977829456 3.16373 -7.08285 0.43713 0.64281 -0.51664 0.42363 0.37473
1403638577.077829599 3.18488 -7.24380 0.43485 0.63905 -0.52007 0.42890 0.37039
1403638577.177829504 3.20923 -7.40200 0.43986 0.63627 -0.52221 0.43289 0.36752
1403638577.377829552 3.26728 -7.71313 0.47212 0.64100 -0.51700 0.42604 0.37460
1403638577.477829456 3.30171 -7.86643 0.49749 0.64343 -0.51370 0.42243 0.37902
1403638577.577829599 3.34224 -8.01776 0.51932 0.64343 -0.51549 0.42284 0.37614
1403638577.677829504 3.38750 -8.16667 0.53487 0.64239 -0.51762 0.42475 0.37281
1403638577.877829552 3.48875 -8.45815 0.54635 0.64214 -0.51889 0.42624 0.36977
1403638578.077829599 3.60556 -8.74583 0.55388 0.64194 -0.51742 0.42860 0.36946
1403638578.177829504 3.66995 -8.88679 0.56679 0.63896 -0.51989 0.43397 0.36485
1403638578.277829409 3.73565 -9.02909 0.58534 0.63416 -0.52546 0.44133 0.35631
1403638578.377829552 3.80032 -9.17081 0.60333 0.63183 -0.52712 0.44436 0.35423
1403638578.577829599 3.92381 -9.45036 0.62169 0.63094 -0.52820 0.44425 0.35435
1403638578.777829409 4.04003 -9.72044 0.62372 0.63331 -0.52365 0.43990 0.36222
1403638578.977829456 4.15576 -9.98311 0.61588 0.63746 -0.51782 0.43447 0.36979
1403638579.177829504 4.28030 -10.23953 0.63147 0.63823 -0.51588 0.43482 0.37075
1403638579.377829552 4.41685 -10.48453 0.66876 0.63415 -0.52066 0.44173 0.36283
1403638579.477829456 4.48362 -10.59977 0.68306 0.62992 -0.52453 0.44784 0.35710
1403638579.577829599 4.54949 -10.71403 0.69169 0.62741 -0.52183 0.45549 0.35580
1403638579.677829504 4.61324 -10.82675 0.69635 0.62800 -0.50966 0.46673 0.35780
1403638579.877829552 4.73709 -11.03301 0.68820 0.65842 -0.46933 0.47635 0.34541
1403638579.977829456 4.79986 -11.13224 0.67634 0.67844 -0.44421 0.48445 0.32818
1403638580.177829504 4.92490 -11.30664 0.64592 0.70704 -0.37276 0.52447 0.29339
1403638580.277829409 4.98500 -11.38234 0.62343 0.72391 -0.33791 0.53906 0.26681
1403638580.477829456 5.09049 -11.51061 0.56358 0.75161 -0.29502 0.55127 0.21011
1403638580.577829599 5.13498 -11.57091 0.52959 0.75888 -0.28158 0.55478 0.19244
1403638580.677829504 5.17645 -11.62942 0.49541 0.76894 -0.26686 0.55334 0.17701
1403638580.877829552 5.25269 -11.74046 0.45118 0.78590 -0.24102 0.54593 0.16198
1403638581.077829599 5.31875 -11.84471 0.44636 0.78838 -0.23557 0.54680 0.15483
1403638581.277829409 5.38148 -11.94306 0.46923 0.78838 -0.23380 0.54561 0.16156
1403638581.477829456 5.43859 -12.02343 0.50160 0.78499 -0.23679 0.54729 0.16789
1403638581.677829504 5.49055 -12.07910 0.55493 0.78026 -0.23902 0.55038 0.17646
1403638581.877829552 5.54569 -12.13033 0.58684 0.77366 -0.24068 0.55727 0.18160
1403638581.977829456 5.57547 -12.15716 0.59677 0.76610 -0.23919 0.56698 0.18553
1403638582.177829504 5.62617 -12.19733 0.61369 0.77526 -0.24416 0.55395 0.18030
1403638582.477829456 5.70095 -12.23797 0.71422 0.77382 -0.24032 0.55597 0.18532
1403638582.877829552 5.78954 -12.23574 0.97360 0.77715 -0.24184 0.55079 0.18487
1403638583.477829456 5.93253 -12.15284 1.26313 0.78444 -0.24676 0.53907 0.18210
1403638583.777829409 6.01896 -12.07680 1.39308 0.78434 -0.24540 0.53928 0.18375
1403638584.077829599 6.11188 -11.98389 1.48403 0.78006 -0.24226 0.54552 0.18770
1403638584.177829504 6.14792 -11.94360 1.48816 0.77108 -0.23885 0.55820 0.19184
1403638584.277829409 6.17672 -11.89666 1.48791 0.76196 -0.23663 0.57074 0.19410
1403638584.577829599 6.23779 -11.73131 1.48522 0.75929 -0.23479 0.57436 0.19615
1403638584.777829409 6.24871 -11.58844 1.49199 0.76789 -0.23830 0.56337 0.19020
1403638584.877829552 6.24508 -11.50966 1.48809 0.77553 -0.24284 0.55298 0.18386
1403638585.077829599 6.23893 -11.35174 1.49157 0.78036 -0.24535 0.54581 0.18150
1403638585.277829409 6.24187 -11.19507 1.48705 0.77835 -0.24611 0.54878 0.18009
1403638585.477829456 6.23688 -11.04209 1.46441 0.77659 -0.24538 0.55154 0.18027
1403638585.677829504 6.23794 -10.88444 1.46412 0.78104 -0.24533 0.54564 0.17911
1403638585.777829409 6.23123 -10.80689 1.47510 0.78604 -0.24726 0.53862 0.17576
1403638585.877829552 6.23003 -10.72850 1.49807 0.78987 -0.24908 0.53301 0.17312
1403638586.077829599 6.24857 -10.57235 1.56164 0.78561 -0.25045 0.53858 0.17328
1403638586.277829409 6.26960 -10.41879 1.60913 0.78014 -0.24881 0.54592 0.17733
1403638586.477829456 6.28962 -10.26359 1.63516 0.77532 -0.24023 0.55193 0.19116
1403638586.677829504 6.30723 -10.10035 1.63736 0.77544 -0.24120 0.55157 0.19046
1403638586.877829552 6.32078 -9.93235 1.61485 0.77400 -0.24471 0.55424 0.18401
1403638587.077829599 6.33214 -9.75589 1.57638 0.77353 -0.24490 0.55500 0.18343
1403638587.277829409 6.33998 -9.57258 1.55200 0.77640 -0.24492 0.55137 0.18221
1403638587.477829456 6.34734 -9.38007 1.55360 0.77804 -0.24700 0.54890 0.17984
1403638587.677829504 6.35570 -9.18847 1.54541 0.77766 -0.24849 0.54910 0.17885
1403638587.877829552 6.36499 -8.99995 1.51637 0.77689 -0.24973 0.54992 0.17796
1403638588.077829599 6.37250 -8.81817 1.46977 0.77606 -0.24903 0.55115 0.17877
1403638588.277829409 6.37564 -8.63536 1.41511 0.77764 -0.24216 0.54886 0.18811
1403638588.477829456 6.38498 -8.44244 1.38258 0.77798 -0.24247 0.54862 0.18701
1403638588.677829504 6.39087 -8.23954 1.38215 0.77651 -0.24542 0.55100 0.18221
1403638588.877829552 6.39255 -8.03160 1.39640 0.77448 -0.24908 0.55353 0.17817
1403638589.077829599 6.39016 -7.82482 1.38771 0.77465 -0.24965 0.55279 0.17891
1403638589.277829409 6.38499 -7.61369 1.35853 0.77341 -0.24913 0.55432 0.18029
1403638589.477829456 6.37540 -7.40374 1.32737 0.77410 -0.24954 0.55322 0.18014
1403638589.677829504 6.36135 -7.19786 1.32200 0.77469 -0.24993 0.55259 0.17899
1403638589.877829552 6.34363 -6.99574 1.33905 0.77681 -0.25126 0.54891 0.17927
1403638590.077829599 6.32576 -6.79531 1.33963 0.77682 -0.25252 0.54834 0.17917
1403638590.277829409 6.30747 -6.60125 1.32068 0.77508 -0.25340 0.55034 0.17933
1403638590.477829456 6.28668 -6.40143 1.28581 0.77602 -0.25409 0.54862 0.17960
1403638590.677829504 6.26392 -6.20366 1.25833 0.77883 -0.25577 0.54479 0.17664
1403638590.877829552 6.24354 -6.01228 1.26231 0.78052 -0.25624 0.54235 0.17603
1403638591.077829599 6.22472 -5.82096 1.28999 0.78200 -0.25859 0.53994 0.17341
1403638591.177829504 6.21371 -5.72622 1.29931 0.78620 -0.25974 0.53352 0.17255
1403638591.277829409 6.20552 -5.63821 1.30214 0.79209 -0.26187 0.52450 0.17008
1403638591.477829456 6.20609 -5.48083 1.29435 0.79923 -0.26639 0.51319 0.16406
1403638591.877829552 6.28699 -5.27436 1.23540 0.79833 -0.26764 0.51454 0.16216
1403638592.077829599 6.36150 -5.22748 1.22842 0.79326 -0.26566 0.52308 0.16296
1403638592.177829504 6.40682 -5.21885 1.23877 0.79050 -0.26369 0.52890 0.16075
1403638592.277829409 6.45504 -5.20801 1.26233 0.78501 -0.25840 0.54108 0.15562
1403638592.477829456 6.54935 -5.18866 1.33056 0.78485 -0.23562 0.55708 0.13474
1403638592.677829504 6.62972 -5.18472 1.42449 0.79954 -0.20998 0.54971 0.12031
1403638592.977829456 6.75032 -5.20665 1.55391 0.81406 -0.19399 0.53619 0.11034
1403638593.177829504 6.84665 -5.24167 1.62034 0.81310 -0.19173 0.53864 0.10942
1403638593.277829409 6.89932 -5.26637 1.66104 0.80978 -0.18793 0.54354 0.11618
1403638593.477829456 7.01122 -5.31714 1.75115 0.80175 -0.17884 0.55447 0.13332
1403638593.577829599 7.06837 -5.34062 1.78824 0.79890 -0.17755 0.55787 0.13788
1403638593.777829409 7.18381 -5.37681 1.84140 0.79437 -0.17753 0.56334 0.14180
1403638593.977829456 7.29253 -5.39415 1.89690 0.78054 -0.17461 0.58579 0.13086
1403638594.277829409 7.41353 -5.39549 2.00019 0.79461 -0.16328 0.57210 0.12097
1403638594.477829456 7.47299 -5.38420 2.06719 0.79227 -0.15300 0.57682 0.12722
1403638594.677829504 7.51178 -5.35498 2.15458 0.79309 -0.15814 0.57666 0.11605
1403638595.177829504 7.56670 -5.25512 2.30459 0.79730 -0.16542 0.56947 0.11251
1403638595.877829552 7.56420 -5.08368 2.33894 0.79983 -0.16109 0.56532 0.12139
1403638596.177829504 7.54773 -4.99018 2.29246 0.80164 -0.14687 0.56165 0.14263
1403638596.377829552 7.54047 -4.90043 2.27480 0.80352 -0.13059 0.55724 0.16369
1403638596.677829504 7.55863 -4.67854 2.31082 0.80421 -0.11432 0.55357 0.18366
1403638596.877829552 7.59541 -4.45498 2.37413 0.80368 -0.10801 0.55307 0.19115
1403638596.977829456 7.62007 -4.32043 2.41258 0.80246 -0.10709 0.55442 0.19289
1403638597.177829504 7.68460 -4.00209 2.47206 0.79984 -0.10567 0.55667 0.19799
1403638597.377829552 7.76305 -3.61779 2.50729 0.79552 -0.11369 0.56376 0.19077
1403638597.577829599 7.84565 -3.17856 2.52116 0.78777 -0.13020 0.57774 0.16937
1403638597.777829409 7.92060 -2.70386 2.51458 0.78723 -0.12910 0.57878 0.16917
1403638597.977829456 7.98650 -2.19638 2.49013 0.79141 -0.10851 0.57571 0.17449
1403638598.177829504 8.05045 -1.64498 2.47890 0.79323 -0.11515 0.57984 0.14600
1403638598.377829552 8.10423 -1.06933 2.48018 0.79707 -0.12885 0.57813 0.11764
1403638598.577829599 8.14973 -0.49744 2.45984 0.80141 -0.12858 0.57398 0.10844
1403638598.777829409 8.18522 0.06522 2.42240 0.80592 -0.10907 0.57400 0.09552
1403638598.977829456 8.21307 0.61683 2.40131 0.80944 -0.07807 0.57698 0.07617
1403638599.177829504 8.23325 1.15974 2.39894 0.81220 -0.04353 0.57944 0.05191
1403638599.377829552 8.24159 1.69670 2.41975 0.81731 -0.00697 0.57546 0.02839
1403638599.677829504 8.23977 2.49860 2.46626 0.82304 0.01968 0.56754 0.01044
1403638599.877829552 8.24282 3.02517 2.46107 0.82444 0.01832 0.56560 0.00742
1403638600.077829599 8.25945 3.54356 2.43601 0.82585 0.00490 0.56387 -0.00260
1403638600.277829409 8.28889 4.04144 2.39657 0.82980 -0.01754 0.55725 -0.02446
1403638600.477829456 8.33370 4.49750 2.35791 0.83247 -0.03259 0.55179 -0.03811
1403638600.777829409 8.43985 5.07565 2.36065 0.83833 -0.03610 0.54261 -0.03840
1403638600.977829456 8.53985 5.38557 2.38451 0.84420 -0.01368 0.53574 -0.01076
1403638601.177829504 8.67013 5.65994 2.39096 0.84325 0.00090 0.53748 0.00608
1403638601.377829552 8.82545 5.93393 2.38302 0.83176 0.01230 0.55486 0.01261
1403638601.577829599 8.99700 6.21117 2.39061 0.82250 0.03125 0.56779 -0.01142
1403638601.777829409 9.16807 6.48525 2.42356 0.81686 0.07692 0.57059 -0.03542
1403638601.977829456 9.32775 6.76649 2.47942 0.80845 0.12945 0.57055 -0.06421
1403638602.277829409 9.54659 7.19643 2.52998 0.79485 0.17953 0.57272 -0.08930
1403638602.477829456 9.66544 7.49436 2.56282 0.76172 0.19829 0.59910 -0.14678
1403638602.677829504 9.73308 7.76306 2.62730 0.72972 0.21641 0.61611 -0.20268
1403638602.977829456 9.71155 8.04292 2.75724 0.72190 0.27084 0.58820 -0.24398
1403638603.177829504 9.64680 8.16272 2.83770 0.70962 0.29958 0.57558 -0.27459
1403638603.377829552 9.55928 8.23148 2.88057 0.72981 0.33085 0.53615 -0.26546
1403638603.677829504 9.41555 8.28687 2.90461 0.72836 0.34433 0.52981 -0.26502
1403638603.977829456 9.25361 8.30697 2.87578 0.70524 0.35810 0.55980 -0.24702
1403638604.177829504 9.10714 8.30209 2.83619 0.70110 0.36175 0.56564 -0.24009
1403638604.377829552 8.91766 8.28570 2.82589 0.71283 0.35496 0.54992 -0.25191
1403638604.677829504 8.59224 8.23313 2.84074 0.72853 0.35643 0.52863 -0.25049
1403638604.877829552 8.37006 8.18641 2.83772 0.73371 0.35310 0.52115 -0.25571
1403638605.077829599 8.14977 8.13218 2.84859 0.74612 0.35670 0.50332 -0.25047
1403638605.377829552 7.85004 8.07537 2.90044 0.74626 0.36547 0.50300 -0.23774
1403638605.577829599 7.66348 8.05896 2.90398 0.72784 0.37505 0.52820 -0.22493
1403638605.977829456 7.24219 8.09022 2.95076 0.72041 0.38295 0.53801 -0.21191
1403638606.177829504 6.99279 8.13916 2.97965 0.72036 0.38522 0.53881 -0.20583
1403638606.377829552 6.71281 8.20809 2.97790 0.73006 0.38100 0.52728 -0.20934
1403638606.577829599 6.41799 8.29984 2.95164 0.74889 0.36990 0.50199 -0.22439
1403638606.777829409 6.13538 8.41717 2.90627 0.75186 0.38125 0.48401 -0.23473
1403638607.077829599 5.75516 8.64982 2.84410 0.73195 0.42370 0.46125 -0.26829
1403638607.177829504 5.63783 8.73763 2.84447 0.72220 0.43063 0.46035 -0.28470
1403638607.377829552 5.43296 8.93377 2.82804 0.70020 0.43486 0.47300 -0.31126
1403638607.877829552 5.00699 9.40040 2.66124 0.69515 0.43567 0.47370 -0.32025
1403638608.177829504 4.79159 9.64683 2.53017 0.69534 0.43017 0.47901 -0.31937
1403638608.377829552 4.67697 9.79630 2.41483 0.68499 0.42823 0.49595 -0.31849
1403638608.577829599 4.56411 9.92813 2.27627 0.68646 0.42851 0.49479 -0.31677
1403638608.877829552 4.39413 10.08190 2.08519 0.68730 0.42559 0.49311 -0.32146
1403638609.077829599 4.28286 10.15808 1.99126 0.69414 0.42704 0.48324 -0.31983
1403638609.277829409 4.18264 10.21948 1.91568 0.69480 0.41990 0.48197 -0.32960
1403638609.677829504 4.02650 10.29651 1.69375 0.69411 0.42608 0.48446 -0.31933
1403638609.877829552 3.96439 10.32119 1.57112 0.69445 0.42657 0.48402 -0.31859
1403638610.377829552 3.84748 10.31898 1.35326 0.68710 0.41963 0.49468 -0.32727
1403638610.877829552 3.74091 10.18088 1.08270 0.68691 0.42033 0.49362 -0.32835
1403638611.177829504 3.68538 10.02769 0.95928 0.68348 0.41897 0.49607 -0.33352
1403638611.377829552 3.64938 9.89617 0.86886 0.68068 0.42431 0.49997 -0.32659
1403638611.477829456 3.62897 9.81906 0.83146 0.67638 0.43218 0.50682 -0.31443
1403638611.777829409 3.54637 9.57382 0.75250 0.68415 0.43346 0.49816 -0.30965
1403638612.077829599 3.44960 9.32590 0.65665 0.69514 0.42620 0.48448 -0.31688
1403638612.277829409 3.39375 9.15953 0.61467 0.69640 0.42392 0.48342 -0.31880
1403638612.677829504 3.30617 8.82048 0.53809 0.69069 0.42665 0.49617 -0.30780
1403638612.877829552 3.25878 8.64755 0.46999 0.68868 0.42413 0.50277 -0.30505
1403638613.077829599 3.19998 8.47085 0.41797 0.69209 0.42088 0.49991 -0.30653
1403638613.577829599 3.02630 8.02869 0.38400 0.69528 0.41594 0.50095 -0.30434
1403638613.777829409 2.95070 7.85021 0.34766 0.69472 0.40156 0.50866 -0.31206
1403638613.877829552 2.91313 7.75503 0.32078 0.69690 0.39356 0.51375 -0.30903
1403638614.177829504 2.79531 7.44075 0.21069 0.72129 0.35899 0.52471 -0.27485
1403638614.477829456 2.66203 7.10647 0.13003 0.74173 0.32701 0.52868 -0.25180
1403638614.677829504 2.57413 6.88608 0.12193 0.75153 0.30659 0.53038 -0.24477
1403638614.977829456 2.47154 6.55976 0.18117 0.78216 0.25329 0.52418 -0.22205
1403638615.277829409 2.42164 6.21429 0.28724 0.79571 0.18889 0.55350 -0.15748
1403638615.577829599 2.38342 5.84959 0.37089 0.80596 0.11327 0.57255 -0.09890
1403638615.877829552 2.33575 5.49633 0.44368 0.81073 0.07170 0.57645 -0.07268
1403638616.177829504 2.27824 5.14344 0.50541 0.81422 0.03351 0.57769 -0.04683
1403638616.377829552 2.23412 4.89943 0.47818 0.81597 -0.00389 0.57762 -0.02306
1403638616.677829504 2.16197 4.53509 0.38021 0.82281 -0.04400 0.56660 0.00269
1403638616.977829456 2.11786 4.16626 0.26610 0.83525 -0.05866 0.54674 0.00101
1403638617.277829409 2.12642 3.76759 0.21827 0.83117 -0.04195 0.55425 0.01411
1403638617.477829456 2.15696 3.50849 0.22030 0.83805 -0.03588 0.54425 0.01354
1403638617.777829409 2.25102 3.14751 0.28534 0.83591 -0.02646 0.54802 0.01488
1403638618.077829599 2.39492 2.81648 0.39729 0.83465 -0.02146 0.55020 0.01324
1403638618.477829456 2.64033 2.41457 0.48468 0.83427 -0.01758 0.55097 0.01096
1403638618.677829504 2.78420 2.23147 0.51397 0.83318 -0.01988 0.55241 0.01606
1403638618.877829552 2.94300 2.06186 0.55441 0.83074 -0.02644 0.55560 0.02179
1403638619.177829504 3.19761 1.82765 0.60612 0.81947 -0.06791 0.56658 0.05341
1403638619.477829456 3.45338 1.61990 0.59244 0.80675 -0.13779 0.56679 0.09437
1403638619.877829552 3.77980 1.37108 0.52606 0.79494 -0.18794 0.56924 0.09333
1403638620.077829599 3.92028 1.23489 0.48287 0.79152 -0.19318 0.57166 0.09682
1403638620.577829599 4.15978 0.85809 0.47158 0.79290 -0.18501 0.57055 0.10749
1403638620.877829552 4.25485 0.62081 0.46028 0.80193 -0.18074 0.55980 0.10425
1403638621.077829599 4.30504 0.45816 0.43656 0.80096 -0.16968 0.56305 0.11247
1403638621.277829409 4.35459 0.30239 0.42108 0.79855 -0.16523 0.56798 0.11142
1403638621.577829599 4.42013 0.08742 0.40269 0.79545 -0.15806 0.57391 0.11365
1403638621.877829552 4.47469 -0.09811 0.35854 0.78939 -0.15397 0.58282 0.11611
1403638622.277829409 4.47734 -0.28255 0.25789 0.78674 -0.15877 0.58645 0.10915
1403638622.477829456 4.44734 -0.35429 0.22918 0.78854 -0.15775 0.58348 0.11343
1403638622.777829409 4.36710 -0.42109 0.23514 0.77312 -0.15341 0.60287 0.12370
1403638623.077829599 4.22546 -0.44754 0.29938 0.77859 -0.15899 0.59502 0.12027
1403638623.477829456 3.94794 -0.43120 0.30223 0.79017 -0.16679 0.57932 0.11050
1403638623.777829409 3.70219 -0.41182 0.31470 0.79184 -0.16530 0.57648 0.11546
1403638624.077829599 3.42498 -0.38011 0.35651 0.79445 -0.16864 0.57165 0.11673
1403638624.377829552 3.13572 -0.34055 0.35860 0.79353 -0.17550 0.57184 0.11186
1403638624.777829409 2.73820 -0.29397 0.31473 0.78681 -0.16829 0.58253 0.11516
1403638625.077829599 2.42159 -0.25115 0.32132 0.79729 -0.15686 0.57394 0.10160
1403638625.277829409 2.20671 -0.22274 0.31889 0.79911 -0.15541 0.57323 0.09316
1403638625.577829599 1.88323 -0.19140 0.32374 0.79934 -0.15322 0.57376 0.09159
1403638625.977829456 1.45768 -0.16983 0.37160 0.80859 -0.15465 0.56023 0.09174
1403638626.177829504 1.25746 -0.16716 0.37007 0.81026 -0.15682 0.55741 0.09045
1403638626.677829504 0.79471 -0.17521 0.30731 0.80992 -0.14742 0.55825 0.10322
1403638626.977829456 0.55778 -0.17375 0.29468 0.81741 -0.14898 0.54751 0.09938
1403638627.477829456 0.27756 -0.18299 0.26723 0.81731 -0.14493 0.54837 0.10148
1403638627.877829552 0.14271 -0.18584 0.20443 0.81065 -0.14283 0.55757 0.10754
1403638628.177829504 0.08430 -0.17218 0.16021 0.81432 -0.14374 0.55146 0.11005
1403638628.577829599 0.04189 -0.13558 0.12656 0.80516 -0.15627 0.56418 0.09489
1403638628.977829456 0.01275 -0.11886 0.10528 0.80358 -0.15388 0.56611 0.10050
1403638629.177829504 -0.02269 -0.11230 0.09386 0.80586 -0.14843 0.56301 0.10765
1403638629.377829552 -0.03909 -0.10267 0.08793 0.80925 -0.14768 0.55802 0.10914
1403638629.677829504 -0.03095 -0.08579 0.09002 0.81470 -0.16037 0.54944 0.09311
1403638629.977829456 -0.01268 -0.08222 0.08342 0.79714 -0.16057 0.57409 0.09593
1403638630.277829409 -0.01528 -0.08966 0.00197 0.80087 -0.15032 0.56911 0.11009
1403638630.577829599 0.00764 -0.08435 -0.01426 0.80157 -0.15077 0.56892 0.10530
