1413393891.855760574 -0.11038 0.48877 0.27095 0.73043 0.01650 0.68274 -0.00841
1413393891.955760479 -0.22321 0.51190 0.24923 0.75253 0.01606 0.65833 -0.00622
1413393892.155760527 -0.53397 0.56896 0.29512 0.80295 0.01519 0.59585 -0.00065
1413393892.255760431 -0.69107 0.59760 0.31436 0.81176 0.01537 0.58378 0.00294
1413393892.355760574 -0.84275 0.62762 0.32578 0.81578 0.01357 0.57819 0.00497
1413393892.455760479 -0.98904 0.66459 0.32311 0.81955 0.01095 0.57285 0.00760
1413393892.555760384 -1.12763 0.69887 0.31565 0.82185 0.00805 0.56955 0.01047
1413393892.655760527 -1.26168 0.74133 0.29681 0.82838 0.00552 0.55998 0.01328
1413393892.755760431 -1.38876 0.77946 0.27299 0.84166 0.00451 0.53977 0.01547
1413393892.855760574 -1.50366 0.81848 0.25248 0.85578 0.00513 0.51701 0.01770
1413393892.955760479 -1.59815 0.85917 0.23741 0.86715 0.00598 0.49769 0.01753
1413393893.055760384 -1.65899 0.89718 0.23021 0.87334 0.00803 0.48671 0.01798
1413393893.155760527 -1.68119 0.94294 0.22975 0.87280 0.00927 0.48773 0.01590
1413393893.255760431 -1.68224 0.98115 0.23973 0.86695 0.01153 0.49804 0.01473
1413393893.355760574 -1.66490 1.02690 0.25170 0.86257 0.00584 0.50586 0.00688
1413393893.455760479 -1.63056 1.07372 0.26646 0.85875 -0.00198 0.51238 -0.00261
1413393893.555760384 -1.58062 1.11790 0.28129 0.85700 -0.00693 0.51515 -0.01124
1413393893.655760527 -1.51305 1.16124 0.29710 0.85570 -0.01130 0.51698 -0.01948
1413393893.755760431 -1.43034 1.19515 0.31428 0.85329 -0.01620 0.52049 -0.02673
1413393893.855760574 -1.33086 1.22408 0.33404 0.84640 -0.01751 0.53153 -0.02780
1413393893.955760479 -1.22052 1.24499 0.35691 0.83446 -0.01483 0.55028 -0.02532
1413393894.055760384 -1.10286 1.26272 0.37836 0.82644 -0.01289 0.56239 -0.02356
1413393894.155760527 -0.97888 1.27130 0.40329 0.82309 -0.01284 0.56725 -0.02443
1413393894.255760431 -0.85162 1.28134 0.42345 0.82217 -0.01385 0.56847 -0.02640
1413393894.355760574 -0.72453 1.26807 0.45353 0.82145 -0.01544 0.56937 -0.02844
1413393894.455760479 -0.59320 1.26790 0.45147 0.82100 -0.01303 0.57020 -0.02568
1413393894.555760384 -0.45943 1.25600 0.43862 0.81888 -0.00994 0.57350 -0.02100
1413393894.655760527 -0.32346 1.23802 0.41583 0.81702 -0.00669 0.57635 -0.01616
1413393894.755760431 -0.18734 1.21849 0.39811 0.81520 -0.00414 0.57901 -0.01368
1413393894.855760574 -0.05687 1.19391 0.37817 0.81399 -0.00344 0.58070 -0.01435
1413393894.955760479 0.07631 1.16926 0.36474 0.80908 -0.00093 0.58755 -0.01323
1413393895.055760384 0.20677 1.14129 0.36476 0.80195 0.00108 0.59726 -0.01287
1413393895.155760527 0.33505 1.11037 0.33961 0.80152 0.00353 0.59786 -0.01092
1413393895.255760431 0.45657 1.08330 0.34300 0.80446 0.00461 0.59390 -0.01035
1413393895.355760574 0.57230 1.05494 0.33573 0.80244 0.00559 0.59662 -0.00975
1413393895.455760479 0.68662 1.02504 0.32011 0.79982 0.00554 0.60015 -0.00840
1413393895.555760384 0.79712 0.99565 0.29542 0.79930 0.00016 0.60092 -0.00489
1413393895.655760527 0.90377 0.95775 0.27867 0.79972 -0.00972 0.60029 0.00181
1413393895.755760431 1.00592 0.92512 0.26233 0.79613 -0.02191 0.60456 0.01445
1413393895.855760574 1.09996 0.88970 0.25217 0.79236 -0.04073 0.60797 0.02966
1413393895.955760479 1.18567 0.85348 0.24440 0.79030 -0.06622 0.60713 0.04935
1413393896.055760384 1.26281 0.81785 0.23853 0.78928 -0.09468 0.60198 0.07546
1413393896.155760527 1.33231 0.78617 0.23500 0.78381 -0.12707 0.59901 0.10338
1413393896.255760431 1.39502 0.75814 0.23510 0.77203 -0.15892 0.60067 0.13380
1413393896.355760574 1.45145 0.73528 0.23725 0.75777 -0.19061 0.60228 0.16346
1413393896.455760479 1.49738 0.72021 0.24367 0.74088 -0.23206 0.60370 0.18107
1413393896.555760384 1.53069 0.71296 0.25353 0.72924 -0.27887 0.59513 0.19045
1413393896.655760527 1.55434 0.70796 0.26564 0.72063 -0.32348 0.57985 0.19958
1413393896.755760431 1.57000 0.70185 0.28059 0.70978 -0.36712 0.56498 0.20550
1413393896.855760574 1.57486 0.69188 0.29803 0.69823 -0.40831 0.54949 0.20933
1413393896.955760479 1.57115 0.67146 0.31576 0.69301 -0.44609 0.52461 0.21336
1413393897.055760384 1.55509 0.64107 0.32990 0.70468 -0.46761 0.48317 0.22652
1413393897.155760527 1.53594 0.59543 0.33996 0.71960 -0.46668 0.44577 0.25626
1413393897.255760431 1.52296 0.53416 0.34760 0.72598 -0.44731 0.42863 0.29856
1413393897.355760574 1.52217 0.46603 0.35634 0.72165 -0.42091 0.43238 0.33926
1413393897.455760479 1.53869 0.39554 0.36195 0.70990 -0.41554 0.44956 0.34823
1413393897.555760384 1.57179 0.32884 0.36190 0.69974 -0.41872 0.46715 0.34179
1413393897.655760527 1.61062 0.26068 0.36914 0.69707 -0.42391 0.47395 0.33131
1413393897.755760431 1.66538 0.19946 0.36771 0.69864 -0.42536 0.47465 0.32508
1413393897.855760574 1.71907 0.14093 0.37523 0.70067 -0.42298 0.47328 0.32581
1413393897.955760479 1.77782 0.08011 0.38658 0.70021 -0.42417 0.46709 0.33409
1413393898.055760384 1.84470 0.02537 0.39819 0.69480 -0.42814 0.45756 0.35297
1413393898.155760527 1.91660 -0.02534 0.41601 0.67470 -0.43325 0.46146 0.37964
1413393898.255760431 1.99628 -0.06634 0.43709 0.64026 -0.44317 0.48068 0.40325
1413393898.355760574 2.08143 -0.09251 0.46096 0.60321 -0.45293 0.50765 0.41627
1413393898.455760479 2.16608 -0.09562 0.48584 0.56500 -0.45937 0.54053 0.42140
1413393898.555760384 2.24457 -0.07602 0.50181 0.54776 -0.47780 0.55565 0.40363
1413393898.655760527 2.31207 -0.03533 0.50327 0.56613 -0.51171 0.53249 0.36620
1413393898.755760431 2.36469 0.02111 0.49506 0.59481 -0.54573 0.49174 0.32645
1413393898.855760574 2.40370 0.07637 0.48318 0.62566 -0.57624 0.44005 0.28785
1413393898.955760479 2.42759 0.11584 0.48055 0.64733 -0.59590 0.39528 0.26384
1413393899.055760384 2.44263 0.12406 0.48861 0.66577 -0.59784 0.35909 0.26532
1413393899.155760527 2.45835 0.09207 0.51451 0.66850 -0.57296 0.36007 0.30850
1413393899.255760431 2.47957 0.03337 0.55464 0.64123 -0.53307 0.40783 0.37193
1413393899.355760574 2.50660 -0.02738 0.59907 0.59656 -0.49242 0.47131 0.42368
1413393899.455760479 2.53602 -0.07259 0.64102 0.55771 -0.46310 0.52098 0.45064
1413393899.555760384 2.56264 -0.08593 0.68219 0.52192 -0.44329 0.56670 0.45819
1413393899.655760527 2.57867 -0.06022 0.71632 0.50630 -0.44230 0.59234 0.44403
1413393899.755760431 2.58131 0.00261 0.73684 0.52753 -0.46883 0.58284 0.40276
1413393899.855760574 2.56842 0.09315 0.74792 0.56519 -0.50994 0.54827 0.34630
1413393899.955760479 2.53895 0.19631 0.75025 0.60732 -0.55493 0.49311 0.28294
1413393900.055760384 2.49100 0.29245 0.75040 0.63499 -0.58724 0.44070 0.24026
1413393900.155760527 2.42735 0.36381 0.75096 0.65213 -0.60047 0.40138 0.23033
1413393900.255760431 2.35640 0.40416 0.74882 0.66778 -0.59757 0.36992 0.24523
1413393900.355760574 2.28524 0.41175 0.74486 0.67752 -0.57889 0.35350 0.28441
1413393900.455760479 2.21729 0.38751 0.73951 0.67113 -0.54923 0.36893 0.33439
1413393900.555760384 2.16092 0.34601 0.72881 0.64850 -0.51860 0.40518 0.38254
1413393900.655760527 2.11328 0.30395 0.70903 0.61252 -0.48594 0.45563 0.42554
1413393900.755760431 2.07167 0.27516 0.67737 0.57700 -0.46226 0.50024 0.45072
1413393900.855760574 2.03185 0.27590 0.64092 0.55658 -0.45933 0.52703 0.44885
1413393900.955760479 1.98778 0.30510 0.60088 0.56146 -0.48042 0.52706 0.41972
1413393901.055760384 1.93742 0.35617 0.56357 0.57943 -0.51295 0.50943 0.37632
1413393901.155760527 1.87849 0.41808 0.52995 0.61236 -0.53961 0.46562 0.34211
1413393901.255760431 1.81494 0.47555 0.50634 0.64543 -0.55223 0.41570 0.32505
1413393901.355760574 1.75181 0.51672 0.48967 0.66544 -0.55757 0.38131 0.31766
1413393901.455760479 1.69450 0.54210 0.47906 0.67618 -0.56168 0.36015 0.31240
1413393901.555760384 1.64455 0.54353 0.47142 0.68398 -0.56037 0.34561 0.31417
1413393901.655760527 1.60082 0.51715 0.46898 0.68656 -0.54761 0.34444 0.33183
1413393901.755760431 1.57731 0.45988 0.47754 0.67690 -0.52188 0.36775 0.36635
1413393901.855760574 1.57003 0.39167 0.48647 0.65724 -0.50566 0.40092 0.38936
1413393901.955760479 1.57456 0.32266 0.49070 0.64561 -0.50645 0.41737 0.39051
1413393902.055760384 1.58791 0.25259 0.49420 0.64204 -0.51036 0.42132 0.38706
1413393902.155760527 1.60357 0.18374 0.50503 0.64146 -0.51097 0.42148 0.38703
1413393902.255760431 1.63144 0.11251 0.51578 0.64171 -0.51063 0.42034 0.38830
1413393902.355760574 1.66865 0.03859 0.52371 0.64204 -0.51013 0.41942 0.38941
1413393902.455760479 1.71271 -0.03581 0.52417 0.63990 -0.50748 0.42229 0.39328
1413393902.555760384 1.76494 -0.10588 0.52154 0.63726 -0.50539 0.42584 0.39641
1413393902.655760527 1.82555 -0.17333 0.52532 0.63752 -0.50660 0.42513 0.39521
1413393902.755760431 1.89564 -0.24095 0.54274 0.63797 -0.50866 0.42416 0.39286
1413393902.855760574 1.97321 -0.30697 0.57040 0.63525 -0.52090 0.42765 0.37713
1413393902.955760479 2.05420 -0.37541 0.60032 0.63311 -0.54046 0.42908 0.35067
1413393903.055760384 2.13308 -0.44963 0.63195 0.62953 -0.55460 0.43149 0.33156
1413393903.155760527 2.20711 -0.53257 0.66790 0.62659 -0.55188 0.43520 0.33678
1413393903.255760431 2.27472 -0.62197 0.70321 0.62337 -0.54387 0.43797 0.35184
1413393903.355760574 2.33885 -0.71649 0.73413 0.61715 -0.54282 0.43509 0.36765
1413393903.455760479 2.39960 -0.81304 0.75240 0.60181 -0.55476 0.42937 0.38172
1413393903.555760384 2.45958 -0.90904 0.74938 0.57812 -0.57463 0.42524 0.39338
1413393903.655760527 2.50752 -0.99735 0.73565 -0.54683 0.59116 -0.42988 -0.40830
1413393903.755760431 2.55817 -1.08589 0.72393 -0.51890 0.60718 -0.43133 -0.41955
1413393903.855760574 2.59878 -1.16723 0.71405 -0.49895 0.62505 -0.42912 -0.41978
1413393903.955760479 2.62845 -1.24099 0.70814 -0.48343 0.64090 -0.42867 -0.41446
1413393904.155760527 2.64769 -1.36555 0.69925 -0.47636 0.65144 -0.41694 -0.41817
1413393904.255760431 2.64360 -1.42562 0.69030 -0.48318 0.65143 -0.40466 -0.42242
1413393904.355760574 2.62362 -1.46965 0.69063 -0.48655 0.64872 -0.39891 -0.42814
1413393904.455760479 2.59544 -1.51350 0.70847 -0.48491 0.64978 -0.39495 -0.43204
1413393904.555760384 2.55715 -1.55588 0.74370 -0.48048 0.65261 -0.38601 -0.44072
1413393904.655760527 2.51228 -1.59463 0.77841 -0.48736 0.66099 -0.35076 -0.45004
1413393904.755760431 2.46482 -1.63097 0.80293 -0.48990 0.67672 -0.31151 -0.45279
1413393904.855760574 2.41752 -1.67377 0.82025 -0.48260 0.69118 -0.28157 -0.45835
1413393904.955760479 2.37198 -1.72775 0.83212 -0.46367 0.69787 -0.26640 -0.47646
1413393905.055760384 2.32929 -1.79345 0.83685 0.43540 -0.69860 0.26172 0.50387
1413393905.155760527 2.29241 -1.86305 0.82795 0.40653 -0.70319 0.25517 0.52454
1413393905.255760431 2.26145 -1.93549 0.80533 0.37566 -0.71331 0.25043 0.53606
1413393905.355760574 2.23576 -2.00968 0.77896 0.34455 -0.72599 0.24475 0.54251
1413393905.455760479 2.21515 -2.08309 0.75550 0.31675 -0.73805 0.23485 0.54754
1413393905.555760384 2.19837 -2.15301 0.73529 0.28796 -0.75176 0.22476 0.54901
1413393905.655760527 2.18279 -2.21891 0.71664 0.25501 -0.76780 0.21809 0.54580
1413393905.755760431 2.16590 -2.27814 0.70319 0.22034 -0.77916 0.21291 0.54684
1413393905.855760574 2.14612 -2.32989 0.69498 0.18642 -0.79268 0.20934 0.54138
1413393905.955760479 2.11952 -2.36662 0.68592 0.15903 -0.81036 0.19977 0.52737
1413393906.055760384 2.07915 -2.40059 0.68367 0.14247 -0.82204 0.17734 0.52202
1413393906.155760527 2.02578 -2.41980 0.68940 0.13905 -0.82237 0.14102 0.53337
1413393906.255760431 1.96492 -2.43724 0.68795 0.13652 -0.81226 0.10788 0.55674
1413393906.355760574 1.90080 -2.45430 0.67637 0.13059 -0.80206 0.08401 0.57670
1413393906.455760479 1.84104 -2.47251 0.65301 0.12036 -0.79711 0.07037 0.58752
1413393906.555760384 1.79017 -2.48766 0.61683 0.10499 -0.79535 0.06432 0.59351
1413393906.655760527 1.73811 -2.51253 0.56872 0.08232 -0.79581 0.06846 0.59601
1413393906.755760431 1.69080 -2.52747 0.51449 0.05646 -0.79759 0.08415 0.59462
1413393906.955760479 1.60857 -2.54746 0.42312 0.03368 -0.79058 0.09291 0.60433
1413393907.155760527 1.55339 -2.52284 0.34350 0.05116 -0.79224 0.06242 0.60485
1413393907.255760431 1.52921 -2.51002 0.29815 0.06713 -0.79410 0.03778 0.60288
1413393907.355760574 1.51101 -2.49675 0.25650 0.08839 -0.79411 0.00560 0.60128
1413393907.455760479 1.50756 -2.49156 0.22931 0.09036 -0.79797 -0.00021 0.59588
1413393907.555760384 1.50520 -2.50166 0.21495 0.07463 -0.80154 0.02107 0.59289
1413393907.655760527 1.50502 -2.51730 0.21358 0.06150 -0.80254 0.03948 0.59211
1413393907.755760431 1.50708 -2.53474 0.20675 0.05458 -0.80610 0.04858 0.58725
1413393908.155760527 1.54316 -2.58165 0.03474 0.05626 -0.80095 0.03837 0.59485
1413393908.255760431 1.56553 -2.59442 0.00179 0.05729 -0.80390 0.03416 0.59101
1413393908.655760527 1.69068 -2.64333 -0.08943 0.04498 -0.80584 0.04108 0.58899
1413393908.755760431 1.73088 -2.65723 -0.10274 0.02164 -0.80808 0.07093 0.58438
1413393908.855760574 1.76513 -2.65631 -0.10952 0.00669 -0.79958 0.08841 0.59398
1413393908.955760479 1.80447 -2.64551 -0.09774 0.01863 -0.79430 0.06810 0.60340
1413393909.055760384 1.84644 -2.62572 -0.07989 0.03470 -0.79835 0.04090 0.59980
1413393909.155760527 1.89447 -2.60449 -0.05473 0.04350 -0.80228 0.02246 0.59494
1413393909.355760574 1.99068 -2.56772 -0.01788 0.04505 -0.80158 0.00708 0.59615
1413393909.555760384 2.10453 -2.54910 -0.02140 0.04004 -0.80495 0.00319 0.59198
1413393909.655760527 2.16672 -2.54264 -0.04477 0.03720 -0.81502 0.00063 0.57824
1413393909.755760431 2.22692 -2.54318 -0.07256 0.03362 -0.82838 -0.00342 0.55915
1413393909.855760574 2.28102 -2.54603 -0.11109 0.02897 -0.83816 -0.00688 0.54461
1413393909.955760479 2.32715 -2.55378 -0.15531 0.02426 -0.84573 -0.01067 0.53295
1413393910.055760384 2.35930 -2.56782 -0.20197 0.02009 -0.85162 -0.01402 0.52358
1413393910.155760527 2.37049 -2.58946 -0.23714 0.01279 -0.85659 -0.01312 0.51568
1413393910.355760574 2.33258 -2.64626 -0.25685 0.00151 -0.86552 -0.01058 0.50076
1413393910.455760479 2.27075 -2.67465 -0.24198 0.01127 0.87216 -0.00345 -0.48907
1413393910.555760384 2.19986 -2.70224 -0.22903 0.01804 0.87545 -0.01554 -0.48272
1413393910.655760527 2.10904 -2.72618 -0.22264 0.01592 0.87105 -0.02177 -0.49045
1413393910.755760431 1.99944 -2.74488 -0.22762 -0.01347 -0.86197 0.03043 0.50587
1413393910.855760574 1.87701 -2.75832 -0.24119 -0.00383 -0.85330 0.03365 0.52031
1413393910.955760479 1.73984 -2.76950 -0.26332 0.00968 -0.84089 0.03497 0.53998
1413393911.055760384 1.59674 -2.77728 -0.29202 0.02363 -0.82758 0.03870 0.55952
1413393911.155760527 1.45346 -2.78287 -0.32849 0.03502 -0.81907 0.04534 0.57082
1413393911.255760431 1.30897 -2.78672 -0.36131 0.04499 -0.81395 0.04790 0.57720
1413393911.355760574 1.16669 -2.78823 -0.39349 0.05141 -0.80589 0.04807 0.58787
1413393911.455760479 1.02846 -2.78882 -0.42078 0.05614 -0.79294 0.04337 0.60515
1413393911.555760384 0.90085 -2.78945 -0.44334 0.05872 -0.78597 0.03668 0.61438
1413393911.655760527 0.78811 -2.79228 -0.44896 0.05789 -0.77948 0.03267 0.62289
1413393911.755760431 0.69279 -2.79648 -0.44411 0.05515 -0.78229 0.02752 0.61985
1413393911.855760574 0.61408 -2.80550 -0.42561 0.05235 -0.79712 0.02345 0.60109
1413393911.955760479 0.54428 -2.81848 -0.39222 0.03638 -0.81693 0.03777 0.57435
1413393912.055760384 0.46784 -2.82955 -0.34439 0.01999 -0.84066 0.05181 0.53871
1413393912.155760527 0.37856 -2.84119 -0.28695 0.00955 -0.85630 0.05681 0.51326
1413393912.255760431 0.27556 -2.84469 -0.22262 -0.00408 0.86493 -0.05575 -0.49877
1413393912.355760574 0.15366 -2.84187 -0.15639 -0.00031 0.86597 -0.05327 -0.49726
1413393912.455760479 0.01187 -2.83090 -0.08615 -0.00179 -0.85428 0.05063 0.51734
1413393912.555760384 -0.14327 -2.81666 -0.01790 -0.00129 -0.83733 0.04864 0.54453
1413393912.655760527 -0.30492 -2.79573 0.03610 0.00233 -0.82529 0.04604 0.56283
1413393912.755760431 -0.46723 -2.77121 0.07787 0.00843 -0.81447 0.04100 0.57869
1413393912.855760574 -0.62780 -2.73234 0.11057 0.01135 -0.80663 0.03191 0.59009
1413393912.955760479 -0.78236 -2.72223 0.12873 0.00505 -0.80377 0.02116 0.59455
1413393913.055760384 -0.93386 -2.67379 0.11794 -0.01595 -0.80288 0.01735 0.59568
1413393913.155760527 -1.07711 -2.63541 0.12764 -0.04535 -0.79710 0.01433 0.60198
1413393913.255760431 -1.21393 -2.59037 0.12246 -0.07915 -0.79018 0.00913 0.60768
1413393913.355760574 -1.34108 -2.53837 0.10758 -0.11358 -0.78782 -0.00292 0.60534
1413393913.455760479 -1.45626 -2.47403 0.08944 -0.15156 -0.78268 -0.01540 0.60350
1413393913.555760384 -1.55825 -2.39864 0.08061 -0.18699 -0.77096 -0.03682 0.60770
1413393913.655760527 -1.65157 -2.30856 0.07814 -0.21761 -0.75585 -0.06698 0.61388
1413393913.755760431 -1.72871 -2.20713 0.08624 -0.24582 -0.74020 -0.09942 0.61789
1413393913.855760574 -1.78767 -2.09917 0.10044 -0.27449 -0.72608 -0.12840 0.61723
1413393913.955760479 -1.82577 -1.98885 0.11757 -0.30256 -0.71456 -0.15458 0.61153
1413393914.055760384 -1.84423 -1.87755 0.13913 -0.32264 -0.70097 -0.19277 0.60612
1413393914.155760527 -1.84114 -1.76957 0.15951 -0.34056 -0.69406 -0.23535 0.58900
1413393914.255760431 -1.82057 -1.67091 0.17811 -0.36482 -0.69696 -0.26781 0.55627
1413393914.355760574 -1.79016 -1.58150 0.19830 -0.39237 -0.69344 -0.29110 0.52958
1413393914.455760479 -1.76499 -1.49929 0.22769 -0.42271 -0.68379 -0.30614 0.50992
1413393914.555760384 -1.71533 -1.42007 0.24006 0.45255 0.66909 0.31552 -0.49796
1413393914.655760527 -1.68582 -1.34429 0.27635 0.47872 0.65112 0.32509 -0.49111
1413393914.755760431 -1.65079 -1.27036 0.30770 0.50724 0.63177 0.33040 -0.48415
1413393914.855760574 -1.60941 -1.19656 0.33670 0.53445 0.61549 0.33489 -0.47264
1413393914.955760479 -1.55969 -1.12156 0.37113 0.54934 0.61041 0.34729 -0.45279
1413393915.055760384 -1.51038 -1.04211 0.40234 0.55786 0.61274 0.35775 -0.43054
1413393915.155760527 -1.45950 -0.95716 0.43402 0.56272 0.61514 0.36368 -0.41555
1413393915.255760431 -1.41110 -0.86900 0.46256 0.56453 0.61627 0.36749 -0.40801
1413393915.355760574 -1.36442 -0.77292 0.47999 0.55829 0.61826 0.37261 -0.40893
1413393915.455760479 -1.32809 -0.67419 0.49570 0.53641 0.62593 0.38600 -0.41410
1413393915.555760384 -1.29363 -0.57109 0.50246 0.51506 0.63324 0.39601 -0.42059
1413393915.655760527 -1.26993 -0.47418 0.51731 0.50529 0.63543 0.39290 -0.43191
1413393915.755760431 -1.25267 -0.37480 0.52251 0.49734 0.63881 0.39097 -0.43787
1413393915.855760574 -1.24535 -0.28408 0.53438 0.48992 0.64412 0.39141 -0.43806
1413393916.055760384 -1.25101 -0.11711 0.54302 0.47790 0.65018 0.39514 -0.43901
1413393916.155760527 -1.26991 -0.04605 0.56534 0.47167 0.65064 0.40123 -0.43956
1413393916.255760431 -1.29939 0.01942 0.57931 0.47559 0.64343 0.40282 -0.44447
1413393916.355760574 -1.33249 0.08182 0.59776 0.49293 0.63032 0.39924 -0.44757
1413393916.455760479 -1.37299 0.13820 0.61682 0.51622 0.61593 0.39918 -0.44136
1413393916.555760384 -1.41479 0.18961 0.63698 0.54158 0.59793 0.40573 -0.42960
1413393916.655760527 -1.45425 0.23191 0.66162 0.57113 0.57911 0.41495 -0.40774
1413393916.755760431 -1.49680 0.27538 0.68316 0.60306 0.55622 0.42452 -0.38303
1413393916.855760574 -1.54055 0.31832 0.70465 0.62908 0.52655 0.44165 -0.36326
1413393916.955760479 -1.58463 0.36213 0.72741 0.65415 0.49055 0.45719 -0.34990
1413393917.055760384 -1.62777 0.40606 0.75299 0.67871 0.44589 0.47079 -0.34480
1413393917.155760527 -1.66726 0.44765 0.77959 0.70000 0.40395 0.48484 -0.33429
1413393917.255760431 -1.70128 0.48459 0.80714 0.72107 0.36553 0.49481 -0.31875
1413393917.355760574 -1.72925 0.51672 0.83375 0.74423 0.33332 0.49875 -0.29371
1413393917.455760479 -1.74885 0.54365 0.85428 0.76619 0.29710 0.50251 -0.26864
1413393917.555760384 -1.75955 0.56488 0.86532 0.78630 0.25915 0.50670 -0.24046
1413393917.655760527 -1.76013 0.58058 0.86702 0.80292 0.22380 0.51365 -0.20345
1413393917.755760431 -1.75262 0.59277 0.86164 0.81143 0.18789 0.52851 -0.16419
1413393917.855760574 -1.73786 0.60149 0.85408 0.81121 0.14797 0.55044 -0.13061
1413393917.955760479 -1.71875 0.60872 0.84619 0.81363 0.10254 0.56237 -0.10600
1413393918.055760384 -1.69596 0.61199 0.84030 0.81666 0.05678 0.56804 -0.08462
1413393918.155760527 -1.67171 0.60975 0.83667 0.81995 0.01314 0.56882 -0.06283
1413393918.255760431 -1.64455 0.60016 0.83484 0.82311 -0.02974 0.56554 -0.04198
1413393918.355760574 -1.61344 0.58228 0.83561 0.82325 -0.07151 0.56281 -0.01985
1413393918.455760479 -1.57818 0.55180 0.83738 0.82152 -0.11145 0.55914 0.00609
1413393918.555760384 -1.54261 0.51140 0.84346 0.81713 -0.15383 0.55459 0.03273
1413393918.655760527 -1.50597 0.45767 0.85207 0.80531 -0.19597 0.55569 0.06543
1413393918.755760431 -1.46911 0.39391 0.86113 0.78778 -0.24402 0.55756 0.09475
1413393918.855760574 -1.43766 0.31819 0.87066 0.76230 -0.29814 0.56149 0.12141
1413393918.955760479 -1.41476 0.23269 0.88218 0.73028 -0.34475 0.56654 0.16392
1413393919.055760384 -1.40405 0.14086 0.89361 0.69910 -0.38548 0.56302 0.21371
1413393919.155760527 -1.40663 0.04839 0.90441 0.66851 -0.42548 0.55249 0.25849
1413393919.255760431 -1.42001 -0.04137 0.91590 0.63278 -0.46309 0.54431 0.29808
1413393919.355760574 -1.44357 -0.12569 0.92465 0.59125 -0.49526 0.54160 0.33439
1413393919.455760479 -1.47881 -0.19873 0.92353 0.55380 -0.52631 0.53835 0.35562
1413393919.555760384 -1.52749 -0.26300 0.91513 -0.52868 0.55674 -0.52613 -0.36568
1413393919.655760527 -1.59291 -0.31421 0.89975 -0.50955 0.58019 -0.51109 -0.37754
1413393919.755760431 -1.67254 -0.34808 0.87342 -0.49813 0.58696 -0.49730 -0.40005
1413393919.855760574 -1.76737 -0.36876 0.84288 -0.49685 0.57816 -0.48084 -0.43321
1413393919.955760479 -1.86280 -0.37234 0.80222 -0.50426 0.56935 -0.46206 -0.45613
1413393920.055760384 -1.95860 -0.36185 0.74914 -0.51494 0.56825 -0.44644 -0.46111
1413393920.155760527 -2.05133 -0.33924 0.68685 -0.52337 0.56848 -0.43767 -0.45974
1413393920.255760431 -2.14355 -0.30468 0.61945 -0.52953 0.56842 -0.43346 -0.45673
1413393920.355760574 -2.23144 -0.25613 0.54989 -0.53573 0.56827 -0.43026 -0.45271
1413393920.455760479 -2.31542 -0.19933 0.48413 -0.54653 0.57433 -0.42067 -0.44102
1413393920.555760384 -2.40107 -0.13653 0.42441 -0.55703 0.57911 -0.41109 -0.43053
1413393920.655760527 -2.47557 -0.07317 0.36522 -0.56473 0.57958 -0.40550 -0.42512
1413393920.755760431 -2.55207 -0.01260 0.30980 -0.56935 0.57735 -0.40332 -0.42408
1413393920.855760574 -2.62283 0.04895 0.26295 -0.57292 0.57589 -0.40128 -0.42318
1413393920.955760479 -2.68615 0.11142 0.20994 0.58124 -0.57729 0.39201 0.41859
1413393921.055760384 -2.74189 0.17081 0.15732 0.59200 -0.58402 0.37697 0.40786
1413393921.155760527 -2.79655 0.22144 0.10913 0.60031 -0.58938 0.36505 0.39874
1413393921.255760431 -2.84118 0.26048 0.06454 0.60590 -0.59064 0.35698 0.39571
1413393921.355760574 -2.87608 0.28621 0.02485 0.60669 -0.59255 0.35548 0.39300
1413393921.555760384 -2.92244 0.30237 -0.03867 0.59049 -0.58358 0.38069 0.40722
1413393921.655760527 -2.96102 0.29957 -0.05638 0.58229 -0.57764 0.39161 0.41703
1413393921.855760574 -2.96665 0.27376 -0.16121 0.57283 -0.57182 0.40159 0.42850
1413393922.055760384 -2.97696 0.26713 -0.26275 -0.56132 0.56481 -0.41300 -0.44198
1413393922.155760527 -2.97355 0.26729 -0.32024 -0.56688 0.57238 -0.40299 -0.43431
1413393922.255760431 -2.96622 0.27279 -0.37773 -0.57894 0.58786 -0.38242 -0.41594
1413393922.355760574 -2.95771 0.26876 -0.43944 -0.58863 0.60292 -0.36431 -0.39658
1413393922.455760479 -2.94213 0.25747 -0.49103 -0.59075 0.61487 -0.35681 -0.38163
1413393922.555760384 -2.92672 0.22837 -0.53808 -0.57878 0.62199 -0.37124 -0.37460
1413393922.655760527 -2.91338 0.19128 -0.57368 -0.56247 0.62374 -0.39301 -0.37433
1413393922.755760431 -2.91133 0.12295 -0.62725 -0.55385 0.62252 -0.40533 -0.37607
1413393922.855760574 -2.90998 0.06991 -0.65808 -0.55749 0.62119 -0.40116 -0.37736
1413393922.955760479 -2.91951 0.00144 -0.68714 -0.56907 0.61971 -0.38517 -0.37916
1413393923.055760384 -2.93347 -0.07541 -0.69995 -0.58316 0.61521 -0.36373 -0.38618
1413393923.155760527 -2.94642 -0.16809 -0.70152 -0.59014 0.61353 -0.35118 -0.38985
1413393923.255760431 -2.95677 -0.27305 -0.69030 -0.59084 0.61231 -0.34846 -0.39315
1413393923.355760574 -2.96322 -0.39147 -0.67544 -0.57932 0.61529 -0.36594 -0.38974
1413393923.455760479 -2.96742 -0.52314 -0.66062 -0.56653 0.61708 -0.39691 -0.37514
1413393923.655760527 -2.99412 -0.80264 -0.62390 0.58215 -0.57838 0.45028 0.35188
1413393923.755760431 -3.02077 -0.94500 -0.60462 0.61646 -0.54104 0.45654 0.34471
1413393923.855760574 -3.05303 -1.08771 -0.58881 0.65213 -0.50426 0.46027 0.32954
1413393923.955760479 -3.08827 -1.23027 -0.57370 0.68204 -0.46902 0.46771 0.30998
1413393924.055760384 -3.12331 -1.37411 -0.55940 0.70784 -0.43778 0.47380 0.28780
1413393924.155760527 -3.15301 -1.52136 -0.54470 0.73300 -0.40134 0.47430 0.27690
1413393924.255760431 -3.18015 -1.67137 -0.52658 0.75484 -0.35428 0.47396 0.28297
1413393924.355760574 -3.19401 -1.81678 -0.50932 0.77163 -0.31042 0.47192 0.29243
1413393924.455760479 -3.18887 -1.95271 -0.48893 0.78322 -0.27331 0.46709 0.30611
1413393924.555760384 -3.16291 -2.07082 -0.46505 0.78850 -0.24621 0.46520 0.31817
1413393924.755760431 -3.03934 -2.23842 -0.39492 0.77640 -0.20814 0.48276 0.34759
1413393924.855760574 -2.93750 -2.27727 -0.34092 0.77029 -0.21341 0.49016 0.34763
1413393924.955760479 -2.80897 -2.28706 -0.27188 0.76883 -0.24696 0.49812 0.31589
1413393925.055760384 -2.66378 -2.27228 -0.18493 0.76810 -0.27892 0.50660 0.27493
1413393925.155760527 -2.50736 -2.24443 -0.08584 0.76944 -0.29935 0.51328 0.23429
1413393925.255760431 -2.34376 -2.21377 0.01704 0.77540 -0.31094 0.51689 0.18682
1413393925.355760574 -2.17497 -2.19165 0.12229 0.78332 -0.30566 0.51899 0.15371
1413393925.455760479 -2.01164 -2.18044 0.22909 0.78816 -0.28787 0.52399 0.14617
1413393925.655760527 -1.67696 -2.19508 0.43345 0.78943 -0.26186 0.53663 0.14231
1413393925.755760431 -1.50936 -2.21264 0.50704 0.79006 -0.25336 0.53949 0.14341
1413393925.855760574 -1.34050 -2.23274 0.54651 0.78787 -0.24731 0.54484 0.14578
1413393925.955760479 -1.17878 -2.26077 0.56894 0.78148 -0.24158 0.55522 0.15052
1413393926.055760384 -1.01500 -2.28488 0.56763 0.76945 -0.23824 0.57213 0.15447
1413393926.155760527 -0.86088 -2.31103 0.56277 0.75807 -0.23798 0.58729 0.15421
1413393926.255760431 -0.72114 -2.34201 0.54442 0.75500 -0.24122 0.59081 0.15078
1413393926.455760479 -0.47532 -2.39434 0.53924 0.76614 -0.24405 0.57724 0.14231
1413393926.555760384 -0.36302 -2.42568 0.53551 0.76504 -0.23360 0.58310 0.14190
1413393926.655760527 -0.25890 -2.44991 0.51652 0.76456 -0.21736 0.59031 0.14048
1413393926.755760431 -0.16133 -2.47041 0.49637 0.76903 -0.19838 0.59260 0.13437
1413393926.955760479 0.01066 -2.51552 0.50008 0.78902 -0.16224 0.58335 0.10403
1413393927.055760384 0.08451 -2.53734 0.52244 0.80351 -0.15028 0.56975 0.08469
1413393927.155760527 0.15952 -2.55294 0.55941 0.81200 -0.14626 0.56152 0.06290
1413393927.255760431 0.22976 -2.58411 0.59606 0.81707 -0.14695 0.55587 0.04262
1413393927.355760574 0.30370 -2.62118 0.63417 0.82708 -0.14023 0.54331 0.03298
1413393927.555760384 0.47390 -2.72336 0.72174 0.83213 -0.08887 0.54389 0.06207
1413393927.655760527 0.57069 -2.77522 0.77006 0.82904 -0.05725 0.55066 0.07866
1413393927.755760431 0.67219 -2.81954 0.82142 0.82045 -0.02501 0.56352 0.09311
1413393927.955760479 0.88167 -2.86112 0.93241 0.80382 0.00828 0.58555 0.10459
1413393928.055760384 0.98461 -2.85414 0.98296 0.79988 0.01322 0.59057 0.10600
1413393928.155760527 1.08287 -2.82962 1.02614 0.79661 0.01549 0.59462 0.10768
1413393928.255760431 1.17668 -2.78707 1.06113 0.79808 0.01149 0.59337 0.10420
1413393928.455760479 1.34917 -2.65521 1.10834 0.79976 -0.03058 0.59739 0.05074
1413393928.555760384 1.42671 -2.57857 1.11915 0.79386 -0.04663 0.60545 0.03224
1413393928.655760527 1.49715 -2.50142 1.12568 0.78277 -0.05533 0.61937 0.02428
1413393928.755760431 1.55564 -2.42648 1.13309 0.77949 -0.05794 0.62316 0.02658
1413393928.855760574 1.60104 -2.35295 1.14232 0.77991 -0.05335 0.62222 0.04170
1413393929.055760384 1.66169 -2.20285 1.16512 0.78147 -0.05593 0.61571 0.08414
1413393929.155760527 1.67557 -2.11803 1.17994 0.78129 -0.07081 0.61133 0.10418
1413393929.355760574 1.68607 -1.92585 1.21477 0.78479 -0.12876 0.59164 0.13225
1413393929.455760479 1.68280 -1.81977 1.23514 0.78270 -0.16657 0.58235 0.14319
1413393929.555760384 1.67588 -1.71116 1.25728 0.77975 -0.20236 0.57036 0.16040
1413393929.755760431 1.65909 -1.48949 1.30983 0.76522 -0.26865 0.54883 0.20264
1413393929.855760574 1.65020 -1.37747 1.33747 0.75233 -0.30756 0.54242 0.21258
1413393929.955760479 1.64014 -1.26724 1.36625 0.73465 -0.34959 0.54084 0.21347
1413393930.155760527 1.60837 -1.06594 1.41305 0.70389 -0.41287 0.53277 0.22415
1413393930.255760431 1.58345 -0.97651 1.42333 0.69559 -0.42711 0.52830 0.23373
1413393930.355760574 1.55194 -0.89497 1.42420 0.69649 -0.42607 0.51890 0.25320
1413393930.555760384 1.48383 -0.74748 1.38371 0.70699 -0.40946 0.50064 0.28611
1413393930.755760431 1.41801 -0.60645 1.26214 0.69653 -0.41075 0.51923 0.27665
1413393930.955760479 1.34182 -0.47509 1.13308 0.69592 -0.40483 0.52775 0.27069
1413393931.055760384 1.29567 -0.41177 1.08978 0.69975 -0.40251 0.52581 0.26808
1413393931.155760527 1.24716 -0.34919 1.06364 0.70276 -0.40192 0.52461 0.26341
1413393931.255760431 1.19684 -0.28903 1.04868 0.70670 -0.40321 0.52148 0.25702
1413393931.455760479 1.09060 -0.18129 1.00201 0.70841 -0.41154 0.52159 0.23821
1413393931.555760384 1.03005 -0.13270 0.96483 0.70752 -0.41458 0.52386 0.23047
1413393931.755760431 0.89221 -0.05422 0.86363 0.70869 -0.41333 0.52550 0.22531
1413393931.855760574 0.81797 -0.02869 0.80473 0.71004 -0.41095 0.52517 0.22619
1413393932.055760384 0.65537 -0.00492 0.69691 0.71438 -0.40445 0.52220 0.23107
1413393932.155760527 0.56941 -0.00729 0.64937 0.71977 -0.39842 0.51612 0.23837
1413393932.355760574 0.39695 -0.02823 0.56828 0.73096 -0.38183 0.50132 0.26187
1413393932.455760479 0.31505 -0.04259 0.53199 0.73405 -0.37804 0.49615 0.26849
1413393932.655760527 0.16259 -0.06674 0.47364 0.73116 -0.37385 0.49716 0.28014
1413393932.755760431 0.10779 -0.09761 0.43171 0.72730 -0.37389 0.50088 0.28349
1413393932.955760479 -0.00473 -0.12081 0.39724 0.71992 -0.37030 0.50707 0.29575
1413393933.055760384 -0.05112 -0.13037 0.38233 0.70944 -0.36277 0.52199 0.30434
1413393933.355760574 -0.17858 -0.10616 0.35909 0.68852 -0.37181 0.55359 0.28501
1413393933.455760479 -0.22601 -0.08265 0.35778 0.68632 -0.38687 0.55691 0.26294
1413393933.555760384 -0.28105 -0.05452 0.35764 0.68956 -0.40353 0.55225 0.23810
1413393933.755760431 -0.41585 -0.01143 0.34045 0.70322 -0.40756 0.53223 0.23685
1413393933.855760574 -0.49210 0.00417 0.32169 0.71220 -0.39832 0.52017 0.25206
1413393934.055760384 -0.64162 0.02804 0.28150 0.70905 -0.37792 0.52450 0.28166
1413393934.155760527 -0.71590 0.04451 0.27941 0.70424 -0.36767 0.53167 0.29358
1413393934.355760574 -0.86263 0.10039 0.28578 0.70752 -0.37252 0.53125 0.28003
1413393934.555760384 -1.00935 0.16164 0.24926 0.71250 -0.39264 0.52664 0.24663
1413393934.755760431 -1.16645 0.21441 0.17476 0.70819 -0.40904 0.53271 0.21765
1413393934.955760479 -1.34123 0.24028 0.07438 0.72731 -0.40294 0.52807 0.17263
1413393935.055760384 -1.43332 0.23612 0.01449 0.75597 -0.36440 0.51391 0.17782
1413393935.255760431 -1.60907 0.19334 -0.09236 0.80231 -0.27413 0.50228 0.16987
1413393935.355760574 -1.68044 0.16215 -0.12690 0.81550 -0.23646 0.50676 0.14914
1413393935.555760384 -1.77887 0.09077 -0.14084 0.83033 -0.15159 0.52314 0.11788
1413393935.755760431 -1.82085 0.02252 -0.12532 0.83938 -0.07126 0.52626 0.11579
1413393935.855760574 -1.82265 0.00169 -0.11412 0.83876 -0.03301 0.52910 0.12432
1413393936.055760384 -1.78005 0.01523 -0.08868 0.83620 -0.00315 0.54466 0.06415
1413393936.255760431 -1.70218 0.07989 -0.05438 0.83011 0.02502 0.55576 -0.03779
1413393936.355760574 -1.65382 0.11170 -0.03637 0.82788 0.05030 0.55247 -0.08284
1413393936.555760384 -1.54016 0.16206 0.00936 0.81107 0.12672 0.55417 -0.13783
1413393936.755760431 -1.41550 0.18859 0.06447 0.77311 0.19805 0.57635 -0.17576
1413393936.855760574 -1.35756 0.19447 0.09402 0.75748 0.22846 0.58028 -0.19317
1413393937.055760384 -1.26583 0.19308 0.15751 0.72372 0.29592 0.58202 -0.22342
1413393937.255760431 -1.22333 0.17286 0.22886 0.69112 0.35871 0.57082 -0.26046
1413393937.355760574 -1.22502 0.15440 0.26886 0.67851 0.38418 0.56051 -0.27903
1413393937.555760384 -1.25020 0.09612 0.34077 0.68113 0.41771 0.52372 -0.29547
1413393937.755760431 -1.29550 0.03265 0.33678 0.70154 0.42710 0.48376 -0.30232
1413393937.855760574 -1.31500 0.00378 0.33061 0.71152 0.42904 0.46835 -0.30052
1413393938.055760384 -1.34242 -0.03551 0.33036 0.70006 0.43418 0.48644 -0.29116
1413393938.255760431 -1.38163 -0.06337 0.36519 0.65946 0.45713 0.52997 -0.27436
1413393938.455760479 -1.47519 -0.07465 0.40021 0.64223 0.46642 0.51988 -0.31580
1413393938.555760384 -1.53670 -0.08107 0.41598 0.63951 0.47184 0.49862 -0.34607
1413393938.755760431 -1.67646 -0.10779 0.43184 0.62648 0.49626 0.45919 -0.38781
1413393938.955760479 -1.81510 -0.16138 0.42253 0.59280 0.52726 0.44748 -0.41274
1413393939.155760527 -1.94484 -0.24106 0.42921 0.55019 0.54747 0.44685 -0.44485
1413393939.255760431 -2.00790 -0.29525 0.43325 0.54024 0.56237 0.43558 -0.44961
1413393939.455760479 -2.12992 -0.42822 0.41777 0.57754 0.61291 0.35939 -0.40203
1413393939.655760527 -2.24475 -0.52535 0.37227 0.62744 0.63374 0.27830 -0.35671
1413393939.855760574 -2.33482 -0.50444 0.32409 0.61073 0.63107 0.31459 -0.36027
1413393940.055760384 -2.41012 -0.39832 0.30480 0.54185 0.55014 0.42693 -0.47061
1413393940.255760431 -2.46713 -0.35343 0.29012 -0.50596 -0.49388 -0.46312 0.53442
1413393940.355760574 -2.48450 -0.37737 0.27850 -0.52238 -0.51187 -0.44640 0.51559
1413393940.555760384 -2.49134 -0.49268 0.25330 0.59729 0.58615 0.35684 -0.41513
1413393940.755760431 -2.46560 -0.57626 0.25371 0.65410 0.59662 0.27825 -0.37253
1413393940.955760479 -2.38408 -0.53676 0.30200 0.62810 0.57433 0.33450 -0.40466
1413393941.155760527 -2.26265 -0.45259 0.37060 0.55474 0.52704 0.43498 -0.47464
1413393941.255760431 -2.19555 -0.42937 0.40153 0.53309 0.51438 0.45638 -0.49290
1413393941.455760479 -2.05282 -0.44505 0.43860 0.56509 0.56091 0.40835 -0.44643
1413393941.655760527 -1.90104 -0.48660 0.47007 0.60735 0.61353 0.33717 -0.37553
1413393941.855760574 -1.74375 -0.46227 0.49659 0.62272 0.62552 0.32028 -0.34403
1413393942.055760384 -1.58769 -0.34225 0.51778 0.58581 0.57980 0.39441 -0.40633
1413393942.255760431 -1.43537 -0.21557 0.54757 0.53434 0.52647 0.46927 -0.46594
1413393942.455760479 -1.29307 -0.17405 0.57524 0.53366 0.52727 0.47422 -0.46077
1413393942.655760527 -1.17031 -0.21213 0.59285 0.58219 0.57609 0.41335 -0.39789
1413393942.855760574 -1.06781 -0.25274 0.58570 0.61537 0.61117 0.35902 -0.34482
1413393943.055760384 -0.97813 -0.22524 0.55443 0.61262 0.61310 0.35835 -0.34698
1413393943.255760431 -0.89917 -0.12252 0.53720 0.55678 0.56492 0.43561 -0.42556
1413393943.355760574 -0.86581 -0.07792 0.53178 0.53347 0.54033 0.46243 -0.45783
1413393943.555760384 -0.80693 -0.04748 0.51511 0.53267 0.53727 0.46563 -0.45912
1413393943.755760431 -0.76136 -0.08519 0.49515 0.58545 0.58748 0.40332 -0.38658
1413393943.955760479 -0.72883 -0.09970 0.49393 0.62108 0.60216 0.37056 -0.33816
1413393944.155760527 -0.70270 -0.04317 0.52658 0.62673 0.54375 0.41346 -0.37495
1413393944.355760574 -0.67044 0.02901 0.57003 0.61716 0.46210 0.47473 -0.42451
1413393944.555760384 -0.62771 0.04506 0.60581 0.62483 0.44079 0.50353 -0.40218
1413393944.755760431 -0.59105 0.00456 0.62946 0.67581 0.47819 0.45836 -0.32329
1413393944.955760479 -0.55894 -0.01609 0.66678 0.70981 0.49415 0.41498 -0.28245
1413393945.155760527 -0.50619 0.03297 0.73117 0.68807 0.46041 0.47023 -0.30572
1413393945.355760574 -0.45603 0.08962 0.76524 0.64680 0.39482 0.55933 -0.33602
1413393945.555760384 -0.44031 0.09448 0.72808 0.68226 0.35925 0.55703 -0.30850
1413393945.855760574 -0.46084 0.03381 0.64949 0.77046 0.33519 0.49913 -0.21193
1413393945.955760479 -0.46288 0.02252 0.63358 0.78420 0.31871 0.49727 -0.19021
1413393946.255760431 -0.45364 0.03296 0.62610 0.73550 0.23118 0.61105 -0.17950
1413393946.455760479 -0.49587 0.02490 0.60843 0.76399 0.17174 0.60191 -0.15661
1413393946.655760527 -0.56748 -0.00859 0.58896 0.82273 0.12024 0.54624 -0.10136
1413393946.855760574 -0.61086 -0.04054 0.58883 0.85198 0.07006 0.51813 -0.02775
1413393947.055760384 -0.60512 -0.05024 0.61478 0.80448 0.01185 0.59373 0.01252
1413393947.255760431 -0.60810 -0.04268 0.59509 0.77093 -0.04744 0.63322 0.04950
1413393947.455760479 -0.65329 -0.01752 0.51937 0.77129 -0.11906 0.62068 0.07549
1413393947.555760384 -0.68990 -0.00252 0.46948 0.77624 -0.16650 0.60370 0.07263
1413393947.955760479 -0.87929 -0.03189 0.31921 0.79665 -0.27518 0.51198 0.16585
1413393948.155760527 -0.93459 -0.08711 0.28954 0.76492 -0.27257 0.52671 0.25136
1413393948.355760574 -0.95541 -0.11118 0.27271 0.72014 -0.29804 0.56411 0.27267
1413393948.655760527 -1.00604 -0.05554 0.25242 0.70688 -0.35260 0.54752 0.27608
1413393948.855760574 -1.06062 0.02288 0.23826 0.73480 -0.40428 0.47502 0.26643
1413393949.055760384 -1.09036 0.07152 0.24881 0.71031 -0.44232 0.46504 0.28904
1413393949.255760431 -1.10607 0.09981 0.28066 0.65620 -0.45540 0.49039 0.34862
1413393949.455760479 -1.11670 0.14936 0.31653 0.60138 -0.46742 0.51316 0.39563
1413393949.755760431 -1.16121 0.32058 0.34188 0.58302 -0.54818 0.49628 0.33660
1413393949.955760479 -1.25691 0.44824 0.36379 -0.55799 0.59804 -0.49538 -0.29255
1413393950.155760527 -1.44461 0.54181 0.40933 -0.58744 0.59333 -0.44714 -0.32085
1413393950.355760574 -1.68212 0.59536 0.45710 0.62948 -0.57380 0.38659 0.35362
1413393950.655760527 -2.01082 0.57407 0.48146 0.61005 -0.56935 0.40673 0.37182
1413393950.855760574 -2.21028 0.51891 0.44787 0.59448 -0.55709 0.42460 0.39491
1413393951.055760384 -2.38680 0.45300 0.37615 0.60514 -0.54622 0.40419 0.41482
1413393951.255760431 -2.52786 0.38186 0.31812 0.59806 -0.55485 0.41067 0.40721
1413393951.555760384 -2.69181 0.27072 0.25730 0.59859 -0.57057 0.39729 0.39787
1413393951.755760431 -2.77589 0.18231 0.19627 0.59667 -0.57011 0.39162 0.40693
1413393951.955760479 -2.83610 0.08320 0.12882 0.58458 -0.57257 0.39755 0.41520
1413393952.355760574 -2.88876 -0.13315 0.08298 -0.56786 0.58142 -0.40600 -0.41791
1413393952.455760479 -2.88985 -0.18444 0.09512 -0.57371 0.57430 -0.41011 -0.41575
1413393952.655760527 -2.88581 -0.28484 0.11964 0.59926 -0.54896 0.42006 0.40384
1413393952.955760479 -2.85340 -0.42837 0.15175 0.62669 -0.52138 0.44748 0.36768
1413393953.155760527 -2.83028 -0.52221 0.17184 0.62664 -0.52414 0.46363 0.34300
1413393953.455760479 -2.82656 -0.67768 0.13903 0.61496 -0.52881 0.48294 0.33008
1413393953.655760527 -2.86855 -0.78086 0.17276 0.61715 -0.50780 0.47588 0.36716
1413393953.855760574 -2.91693 -0.87062 0.19062 0.61852 -0.49180 0.47204 0.39084
1413393954.155760527 -2.97475 -0.95066 0.16150 0.65745 -0.48365 0.45734 0.35311
1413393954.355760574 -2.99777 -0.98827 0.17103 0.69729 -0.47311 0.44219 0.30729
1413393954.655760527 -2.97810 -1.11022 0.20206 0.74429 -0.41602 0.45341 0.25957
1413393954.855760574 -2.92495 -1.24000 0.23193 0.76224 -0.38881 0.45796 0.24100
1413393955.055760384 -2.83622 -1.42392 0.24365 0.76022 -0.36831 0.47607 0.24448
1413393955.355760574 -2.63812 -1.71093 0.29139 0.74969 -0.33897 0.52007 0.22934
1413393955.555760384 -2.49650 -1.90312 0.32009 0.75382 -0.29150 0.55030 0.20965
1413393955.855760574 -2.29740 -2.15127 0.31054 0.78070 -0.17267 0.56013 0.21668
1413393956.055760384 -2.15843 -2.25916 0.27472 0.80316 -0.17176 0.54677 0.16270
1413393956.355760574 -1.91367 -2.36023 0.26033 0.80014 -0.13761 0.57564 0.09734
1413393956.555760384 -1.75446 -2.41041 0.26726 0.79589 -0.07921 0.59702 0.06197
1413393956.855760574 -1.54851 -2.45196 0.26693 0.82037 0.00853 0.57155 -0.01604
1413393957.055760384 -1.41341 -2.48017 0.27260 0.82085 0.06080 0.56348 -0.07071
1413393957.355760574 -1.19155 -2.52469 0.28766 0.80530 0.17058 0.55206 -0.13275
1413393957.555760384 -1.03324 -2.55322 0.29229 0.78205 0.23573 0.54888 -0.17766
1413393957.855760574 -0.82522 -2.59562 0.22301 0.72586 0.32847 0.55434 -0.24070
1413393958.055760384 -0.72389 -2.63525 0.15838 0.70326 0.39761 0.53794 -0.24073
1413393958.355760574 -0.63404 -2.65842 0.18069 0.70509 0.41425 0.50622 -0.27383
1413393958.655760527 -0.57568 -2.62432 0.19186 0.72856 0.41132 0.47122 -0.27922
1413393958.855760574 -0.52931 -2.60141 0.16514 0.72496 0.40585 0.48151 -0.27905
1413393959.155760527 -0.44892 -2.52804 0.06030 0.71358 0.37416 0.50591 -0.30800
1413393959.355760574 -0.38598 -2.49029 -0.00805 0.70915 0.37486 0.51689 -0.29902
1413393959.655760527 -0.30064 -2.45782 -0.09299 0.69294 0.37431 0.54160 -0.29393
1413393959.955760479 -0.27143 -2.48432 -0.15095 0.70323 0.37995 0.53030 -0.28265
1413393960.155760527 -0.28008 -2.52650 -0.15976 0.72725 0.39244 0.49789 -0.26306
1413393960.455760479 -0.28597 -2.54137 -0.16550 0.73339 0.40123 0.48363 -0.25933
1413393960.655760527 -0.28606 -2.50562 -0.20072 0.70218 0.42323 0.49333 -0.29061
1413393960.955760479 -0.29901 -2.44073 -0.38177 0.67645 0.48837 0.44576 -0.32436
1413393961.255760431 -0.29459 -2.32415 -0.48292 0.64893 0.48696 0.45662 -0.36504
1413393961.555760384 -0.26696 -2.25195 -0.42645 0.61354 0.45382 0.50099 -0.40818
1413393961.755760431 -0.25952 -2.29032 -0.32561 0.63301 0.48495 0.48110 -0.36422
1413393962.155760527 -0.28575 -2.40617 0.03925 0.65684 0.50320 0.44883 -0.33751
1413393962.255760431 -0.30219 -2.42139 0.14516 0.66068 0.50652 0.44175 -0.33436
1413393962.555760384 -0.33472 -2.43865 0.47330 0.69041 0.52004 0.40634 -0.29629
1413393962.855760574 -0.34310 -2.34094 0.64648 0.70361 0.47369 0.46951 -0.24516
1413393963.155760527 -0.38018 -2.12194 0.73839 0.71860 0.37119 0.55702 -0.18855
1413393963.355760574 -0.45737 -1.93818 0.75140 0.74255 0.28304 0.58196 -0.17275
1413393963.655760527 -0.63205 -1.64961 0.73717 0.77138 0.18176 0.59736 -0.12288
1413393963.955760479 -0.86025 -1.36309 0.62528 0.78685 0.11146 0.60411 -0.05911
1413393964.155760527 -1.04292 -1.16467 0.50537 0.79821 0.06194 0.59880 -0.02149
1413393964.455760479 -1.34230 -0.85452 0.31624 0.80669 -0.03237 0.59009 0.00151
1413393964.755760431 -1.65428 -0.57792 0.17644 0.80140 -0.11414 0.58672 0.02193
1413393965.055760384 -1.97127 -0.39085 0.07311 0.81677 -0.20172 0.53997 0.02515
1413393965.255760431 -2.16648 -0.35973 0.02580 0.82642 -0.26172 0.49802 0.02250
1413393965.555760384 -2.36516 -0.51389 0.01625 0.85139 -0.20466 0.46000 0.14717
1413393965.855760574 -2.32652 -0.72305 0.05291 0.81780 -0.17525 0.51674 0.18295
1413393966.155760527 -2.15457 -0.85913 0.06842 0.80091 -0.16714 0.54215 0.19155
1413393966.455760479 -1.89527 -0.88028 0.17645 0.79263 -0.14943 0.55226 0.21075
1413393966.655760527 -1.70061 -0.81859 0.27394 0.76398 -0.15107 0.59485 0.19915
1413393966.955760479 -1.44428 -0.62154 0.32809 0.76066 -0.17371 0.60126 0.17237
1413393967.255760431 -1.25033 -0.36154 0.30461 0.77074 -0.23187 0.57659 0.14050
1413393967.555760384 -1.11769 -0.12828 0.22558 0.74278 -0.28445 0.57784 0.18294
1413393967.855760574 -1.05266 0.08781 0.15792 0.71898 -0.35810 0.54858 0.23214
1413393968.155760527 -1.03364 0.27292 0.20551 0.72861 -0.40798 0.49204 0.24614
1413393968.455760479 -0.99989 0.38643 0.30542 0.73627 -0.40665 0.47366 0.26112
1413393968.855760574 -0.87994 0.44799 0.31953 0.72483 -0.40212 0.47664 0.29279
1413393968.955760479 -0.83604 0.45305 0.29954 0.70332 -0.41495 0.49145 0.30272
1413393969.255760431 -0.70424 0.47656 0.19580 0.64355 -0.47050 0.49476 0.34596
1413393969.555760384 -0.59645 0.52843 0.11060 0.58524 -0.54924 0.47742 0.35762
1413393969.855760574 -0.56901 0.58816 0.08682 -0.54646 0.60924 -0.44974 -0.35770
1413393970.155760527 -0.65702 0.63012 0.20353 -0.56866 0.59536 -0.39614 -0.40651
1413393970.455760479 -0.77261 0.66353 0.27198 -0.58341 0.58743 -0.37753 -0.41478
1413393970.755760431 -0.82124 0.62333 0.33125 0.58018 -0.55645 0.38654 0.45204
1413393971.055760384 -0.77820 0.59346 0.30866 0.59115 -0.53761 0.36665 0.47653
1413393971.355760574 -0.58317 0.60390 0.34243 0.54343 -0.51289 0.44843 0.49045
1413393971.655760527 -0.32540 0.76327 0.32930 -0.54038 0.56149 -0.46531 -0.41976
1413393971.955760479 -0.14001 1.01822 0.33704 -0.50934 0.61676 -0.48575 -0.35247
1413393972.255760431 -0.13557 1.28515 0.36086 -0.53806 0.62822 -0.43265 -0.35867
1413393972.555760384 -0.21744 1.51045 0.32001 -0.57939 0.59224 -0.37802 -0.41310
1413393972.855760574 -0.26251 1.66530 0.28721 -0.58538 0.59145 -0.36276 -0.41942
1413393973.155760527 -0.24201 1.74673 0.24437 -0.57506 0.57742 -0.36941 -0.44658
1413393973.455760479 -0.13294 1.81447 0.20881 0.54509 -0.54039 0.41934 0.48479
1413393973.755760431 0.05645 2.00366 0.17034 -0.52812 0.55221 -0.45784 -0.45447
1413393974.155760527 0.21735 2.39590 0.13763 -0.56124 0.67115 -0.40852 -0.26015
1413393974.455760479 0.08427 2.46076 0.21119 0.65746 -0.63630 0.27408 0.29622
1413393974.755760431 0.00989 2.14592 0.35105 0.66573 -0.54376 0.30292 0.41154
1413393975.055760384 0.12242 1.70538 0.42660 0.59972 -0.52647 0.41063 0.44107
1413393975.355760574 0.30546 1.31271 0.40668 0.57546 -0.54449 0.44092 0.42186
1413393975.655760527 0.50927 1.02045 0.41133 0.57406 -0.52333 0.44287 0.44772
1413393975.955760479 0.73665 0.84719 0.41931 -0.55081 0.55452 -0.46512 -0.41566
1413393976.255760431 0.93631 0.76320 0.40402 -0.55525 0.57602 -0.43954 -0.40830
1413393976.555760384 1.07917 0.72284 0.34341 -0.54817 0.57674 -0.46178 -0.39197
1413393976.955760479 1.15962 0.73849 0.29830 0.58949 -0.57357 0.44987 0.34804
1413393977.255760431 1.14372 0.71781 0.28705 0.61585 -0.55094 0.41844 0.37696
1413393977.655760527 1.16172 0.63070 0.40311 0.61044 -0.54223 0.41578 0.40058
1413393977.955760479 1.22616 0.55428 0.43899 0.60360 -0.54923 0.41196 0.40535
1413393978.155760527 1.29573 0.50223 0.46643 0.59401 -0.56145 0.41390 0.40076
1413393978.555760384 1.44209 0.39785 0.54144 -0.53522 0.59914 -0.42305 -0.41905
1413393978.855760574 1.50619 0.34946 0.60341 -0.47748 0.65517 -0.38231 -0.44341
1413393979.155760527 1.51233 0.33436 0.67239 -0.40214 0.70506 -0.34571 -0.47081
1413393979.455760479 1.45438 0.36728 0.68601 0.31745 -0.74582 0.30093 0.50241
1413393979.855760574 1.27527 0.51445 0.60766 0.21469 -0.78532 0.21921 0.53771
1413393980.155760527 1.08040 0.69587 0.58197 0.16247 -0.81568 0.12788 0.54028
1413393980.455760479 0.84141 0.84665 0.56234 0.14257 -0.83135 0.06481 0.53322
1413393980.755760431 0.55918 0.90639 0.55116 0.13720 -0.80722 0.06233 0.57069
1413393981.155760527 0.16581 0.88708 0.56699 0.11199 -0.82810 0.09990 0.54012
1413393981.455760479 -0.19337 0.86678 0.67297 0.11249 -0.82655 0.10906 0.54062
1413393981.755760431 -0.59078 0.85950 0.72183 0.14072 -0.82259 0.08475 0.54440
1413393982.155760527 -1.13318 0.76279 0.67052 0.20444 -0.79340 0.10747 0.56317
1413393982.455760479 -1.51625 0.59930 0.64964 0.30107 -0.76304 0.18173 0.54231
1413393982.855760574 -1.92839 0.29969 0.63946 -0.48329 0.66613 -0.29143 -0.48762
1413393983.155760527 -2.13613 0.02953 0.62636 0.61011 -0.55543 0.36211 0.43375
1413393983.455760479 -2.20080 -0.24660 0.61225 0.70405 -0.42759 0.42085 0.37996
1413393983.855760574 -2.03310 -0.52820 0.63231 0.76686 -0.26720 0.50734 0.28833
1413393984.155760527 -1.76238 -0.59117 0.67660 0.79172 -0.15907 0.54708 0.22043
1413393984.555760384 -1.31708 -0.41956 0.76488 0.79911 -0.03914 0.58549 0.13073
1413393984.855760574 -0.99035 -0.13756 0.79812 0.80780 -0.04116 0.58641 0.04349
1413393985.155760527 -0.68107 0.14319 0.74185 0.81169 -0.11528 0.57142 0.03683
1413393985.555760384 -0.28938 0.44072 0.61400 0.77903 -0.21285 0.56685 0.16275
1413393985.855760574 -0.02099 0.67209 0.53299 0.76648 -0.32630 0.51993 0.18896
1413393986.255760431 0.33923 0.85380 0.50354 0.70378 -0.45675 0.49526 0.22538
1413393986.555760384 0.56003 0.86420 0.51920 0.63939 -0.53323 0.47726 0.28120
1413393986.955760479 0.74434 0.77470 0.57055 0.57911 -0.54842 0.42083 0.43216
1413393987.355760574 0.95167 0.70438 0.56509 -0.56587 0.58736 -0.39072 -0.42678
1413393987.755760431 1.21275 0.61792 0.58414 -0.55403 0.59450 -0.38536 -0.43718
1413393988.155760527 1.51462 0.53060 0.54093 -0.53128 0.61352 -0.38185 -0.44218
1413393988.355760574 1.65980 0.49284 0.45594 -0.52995 0.60557 -0.37622 -0.45923
1413393988.755760431 2.03122 0.43758 0.30724 -0.53776 0.60374 -0.35499 -0.46936
1413393989.055760384 2.36278 0.39038 0.27699 -0.48169 0.68709 -0.37425 -0.39475
1413393989.455760479 2.56205 0.22986 0.47151 -0.46308 0.67399 -0.32896 -0.47230
1413393989.855760574 2.70758 0.02866 0.58339 0.44071 -0.66376 0.32154 0.51168
1413393990.155760527 2.84870 -0.06667 0.55186 0.36001 -0.70743 0.31766 0.51867
1413393990.555760384 2.99535 -0.05946 0.43558 0.22563 -0.78432 0.24147 0.52499
1413393990.855760574 3.00278 0.02656 0.37869 -0.20906 0.85370 -0.12582 -0.46007
1413393991.255760431 2.77519 -0.03357 0.41177 0.21286 -0.74733 0.11363 0.61909
1413393991.555760384 2.70349 -0.14213 0.42668 0.18258 -0.74838 0.18557 0.61005
1413393991.955760479 2.69523 -0.14514 0.48846 0.19132 -0.79238 0.17351 0.55266
1413393992.355760574 2.66868 -0.06885 0.58004 0.20811 -0.79536 0.14210 0.55128
1413393992.655760527 2.65932 -0.01319 0.61372 0.17976 -0.79907 0.17592 0.54609
1413393993.055760384 2.65021 0.10347 0.61762 0.21266 -0.76769 0.13102 0.59013
1413393993.455760479 2.71663 0.17237 0.62693 -0.21860 0.84977 -0.10998 -0.46692
1413393993.755760431 2.61097 0.09315 0.70471 0.20997 -0.76166 0.13093 0.59887
1413393994.155760527 2.61647 -0.01353 0.67033 0.17824 -0.69773 0.17549 0.67127
1413393994.555760384 2.97792 0.07828 0.71933 -0.18902 0.83187 -0.16077 -0.49640
1413393994.855760574 3.15132 0.15650 0.64081 -0.20294 0.87279 -0.10891 -0.43034
1413393995.255760431 3.08786 0.10168 0.55672 0.17010 -0.79764 0.17115 0.55276
1413393995.655760527 2.94972 0.08947 0.44834 0.26294 -0.76025 0.25201 0.53793
1413393995.955760479 2.82513 0.15235 0.40241 0.38185 -0.68652 0.31051 0.53522
1413393996.355760574 2.69603 0.34870 0.33283 -0.45657 0.65543 -0.36283 -0.47991
1413393996.755760431 2.56149 0.61170 0.18334 -0.49281 0.66700 -0.33689 -0.44582
1413393997.255760431 2.40705 0.80882 0.05710 -0.53547 0.62616 -0.35817 -0.43922
1413393997.755760431 2.31549 0.90142 -0.10901 -0.53808 0.60874 -0.37607 -0.44552
1413393997.955760479 2.30573 0.93132 -0.16175 -0.53948 0.61247 -0.36995 -0.44382
1413393998.255760431 2.32325 0.96040 -0.21134 -0.53545 0.61779 -0.36246 -0.44750
1413393998.655760527 2.40218 0.96697 -0.22791 -0.51316 0.64021 -0.37637 -0.43028
1413393999.055760384 2.44963 0.95199 -0.25559 -0.51215 0.62935 -0.37888 -0.44504
1413393999.455760479 2.47781 0.93172 -0.31544 -0.51800 0.64339 -0.36929 -0.42585
1413393999.855760574 2.47697 0.87078 -0.37617 -0.50003 0.64853 -0.39244 -0.41876
1413394000.255760431 2.45784 0.84872 -0.40806 -0.51591 0.61705 -0.36160 -0.47152
1413394000.655760527 2.45161 0.85357 -0.42772 -0.50082 0.62951 -0.37347 -0.46197
