1403715530.212142944 0.24417 0.29408 0.42733 0.80886 0.06579 0.58422 -0.01017
1403715530.412142992 0.27544 0.36967 0.52840 0.81521 0.06471 0.57547 -0.00887
1403715530.512142897 0.28587 0.42187 0.59490 0.81624 0.06501 0.57378 -0.01764
1403715530.612143040 0.29801 0.47123 0.65532 0.81637 0.06940 0.57277 -0.02542
1403715530.712142944 0.30847 0.52531 0.70424 0.81534 0.07356 0.57336 -0.03284
1403715530.812143087 0.31663 0.58275 0.74095 0.81488 0.08260 0.57211 -0.04286
1403715530.912142992 0.32716 0.64120 0.78223 0.81388 0.09466 0.57069 -0.05435
1403715531.012142897 0.33826 0.69954 0.81947 0.81652 0.10574 0.56427 -0.06090
1403715531.112143040 0.35052 0.75850 0.85142 0.82734 0.11347 0.54620 -0.06561
1403715531.212142944 0.36659 0.81754 0.87866 0.83673 0.11423 0.53022 -0.07550
1403715531.312143087 0.39110 0.87635 0.90835 0.83197 0.10758 0.53626 -0.09316
1403715531.412142992 0.42453 0.93272 0.93916 0.82247 0.10461 0.54948 -0.10333
1403715531.512142897 0.46200 0.98291 0.95977 0.81578 0.10617 0.55873 -0.10508
1403715531.612143040 0.50173 1.02947 0.96756 0.81384 0.10625 0.56107 -0.10756
1403715531.812143087 0.58576 1.10810 0.96588 0.81000 0.11395 0.56703 -0.09692
1403715531.912142992 0.62715 1.14069 0.96853 0.80266 0.11779 0.57769 -0.09018
1403715532.012142897 0.66490 1.16894 0.96870 0.79794 0.11929 0.58449 -0.08620
1403715532.212142944 0.72595 1.22092 0.96463 0.79444 0.12211 0.58929 -0.08178
1403715532.312143087 0.74803 1.24575 0.96232 0.79414 0.12397 0.58847 -0.08758
1403715532.412142992 0.76455 1.26987 0.95816 0.79725 0.12259 0.58290 -0.09795
1403715532.512142897 0.77612 1.28988 0.95430 0.79953 0.12132 0.57836 -0.10735
1403715532.612143040 0.78553 1.30539 0.94897 0.79984 0.11520 0.57626 -0.12209
1403715532.712142944 0.79227 1.31176 0.94337 0.79743 0.10765 0.57760 -0.13747
1403715533.012142897 0.80365 1.25852 0.90527 0.79881 0.08211 0.57844 -0.14344
1403715533.112143040 0.80548 1.21272 0.87491 0.80265 0.06330 0.57811 -0.13245
1403715533.212142944 0.80563 1.15296 0.84332 0.79914 0.04507 0.58901 -0.11139
1403715533.312143087 0.80085 1.07955 0.82359 0.79460 0.02833 0.59994 -0.08876
1403715533.412142992 0.79020 0.99583 0.81828 0.79660 0.01697 0.60021 -0.06993
1403715533.512142897 0.77290 0.90390 0.82685 0.80288 0.00479 0.59298 -0.06118
1403715533.612143040 0.75020 0.80357 0.85002 0.80849 -0.01136 0.58475 -0.06546
1403715533.712142944 0.72297 0.69285 0.88788 0.81376 -0.02527 0.57618 -0.07188
1403715533.812143087 0.69542 0.56797 0.93841 0.81692 -0.03129 0.57149 -0.07118
1403715533.912142992 0.66728 0.42987 0.98940 0.81941 -0.02660 0.56960 -0.05843
1403715534.012142897 0.63889 0.28367 1.02976 0.82037 -0.01954 0.56971 -0.04510
1403715534.112143040 0.60993 0.13234 1.05591 0.82033 -0.01118 0.57091 -0.03161
1403715534.212142944 0.58121 -0.02227 1.06867 0.82070 -0.00113 0.57108 -0.01786
1403715534.312143087 0.55455 -0.17333 1.06973 0.82093 0.00645 0.57092 -0.00845
1403715534.412142992 0.53067 -0.32787 1.05928 0.82128 0.00869 0.57045 -0.00248
1403715534.512142897 0.50913 -0.48349 1.03842 0.82153 0.00419 0.57013 0.00407
1403715534.612143040 0.48857 -0.64181 1.01338 0.82166 -0.00731 0.56981 0.01140
1403715534.712142944 0.46969 -0.79669 0.98683 0.82259 -0.02331 0.56771 0.02234
1403715534.812143087 0.45364 -0.94622 0.95862 0.82672 -0.04405 0.55963 0.03759
1403715534.912142992 0.44484 -1.08399 0.93170 0.83064 -0.06809 0.54981 0.05569
1403715535.012142897 0.43906 -1.22406 0.90218 0.83174 -0.09032 0.54278 0.07373
1403715535.112143040 0.44365 -1.35854 0.87355 0.83388 -0.10852 0.53425 0.08627
1403715535.212142944 0.46192 -1.48253 0.84505 0.83804 -0.12331 0.52347 0.09202
1403715535.312143087 0.49363 -1.60004 0.81616 0.84119 -0.13413 0.51533 0.09411
1403715535.412142992 0.53637 -1.71919 0.79138 0.84034 -0.14705 0.51445 0.08686
1403715535.512142897 0.59529 -1.84311 0.76840 0.83190 -0.15876 0.52633 0.07562
1403715535.612143040 0.65752 -1.97274 0.74619 0.82089 -0.15896 0.54357 0.07350
1403715535.712142944 0.72724 -2.10425 0.72603 0.81542 -0.14998 0.55417 0.07413
1403715535.812143087 0.79517 -2.23737 0.70345 0.81483 -0.13224 0.55955 0.07401
1403715535.912142992 0.86499 -2.36761 0.68550 0.81914 -0.10739 0.55846 0.07487
1403715536.012142897 0.93486 -2.49547 0.65997 0.82644 -0.08617 0.55215 0.06861
1403715536.112143040 1.01070 -2.63284 0.64369 0.83401 -0.07069 0.54379 0.06105
1403715536.212142944 1.09161 -2.73648 0.61598 0.83988 -0.05651 0.53679 0.05717
1403715536.312143087 1.18295 -2.86189 0.60561 0.84280 -0.04237 0.53346 0.05759
1403715536.412142992 1.28216 -2.96898 0.59526 0.84023 -0.02639 0.53787 0.06334
1403715536.512142897 1.38825 -3.07447 0.59555 0.83499 -0.01142 0.54531 0.07283
1403715536.612143040 1.49998 -3.15319 0.58921 0.82864 -0.00191 0.55422 0.07868
1403715536.712142944 1.61671 -3.22443 0.58891 0.81970 0.00357 0.56697 0.08143
1403715536.812143087 1.73455 -3.27794 0.59147 0.80616 0.00825 0.58628 0.07942
1403715536.912142992 1.84704 -3.31374 0.59645 0.79348 0.01784 0.60262 0.08317
1403715537.012142897 1.95016 -3.33213 0.60280 0.78050 0.02917 0.61728 0.09453
1403715537.112143040 2.04120 -3.33042 0.61348 0.76333 0.03618 0.63686 0.10207
1403715537.212142944 2.11306 -3.30450 0.62834 0.74384 0.03907 0.65886 0.10528
1403715537.312143087 2.16185 -3.25472 0.64616 0.73133 0.03067 0.67503 0.09244
1403715537.412142992 2.18574 -3.18492 0.66383 0.74002 0.01031 0.66948 0.06369
1403715537.512142897 2.18383 -3.10288 0.68097 0.76497 -0.01158 0.64296 0.03591
1403715537.612143040 2.16319 -3.01442 0.69911 0.79077 -0.02791 0.61122 0.01743
1403715537.712142944 2.13238 -2.92587 0.72209 0.80041 -0.03864 0.59815 0.00843
1403715537.812143087 2.09520 -2.84028 0.74982 0.79213 -0.04394 0.60875 0.00577
1403715537.912142992 2.04864 -2.76107 0.77527 0.78426 -0.04547 0.61872 0.00693
1403715538.012142897 1.99480 -2.67820 0.79808 0.78863 -0.04641 0.61308 0.00587
1403715538.112143040 1.92931 -2.60820 0.81654 0.79530 -0.05262 0.60392 0.00222
1403715538.212142944 1.85821 -2.54188 0.83078 0.80127 -0.06373 0.59490 0.00224
1403715538.312143087 1.78213 -2.48343 0.83448 0.80236 -0.07632 0.59186 0.00926
1403715538.412142992 1.70309 -2.43122 0.82844 0.79578 -0.08866 0.59860 0.02371
1403715538.512142897 1.61826 -2.38504 0.82000 0.78335 -0.09715 0.61194 0.04955
1403715538.612143040 1.52470 -2.34100 0.81289 0.77403 -0.10924 0.61916 0.07476
1403715538.712142944 1.42169 -2.29550 0.80489 0.77134 -0.12921 0.61595 0.09459
1403715538.812143087 1.30841 -2.24722 0.79391 0.77691 -0.15584 0.59950 0.11282
1403715538.912142992 1.18778 -2.19718 0.78179 0.78035 -0.18614 0.58179 0.13389
1403715539.012142897 1.06398 -2.14589 0.76104 0.77677 -0.21931 0.56879 0.15812
1403715539.112143040 0.93917 -2.09312 0.72935 0.76865 -0.25536 0.55730 0.18270
1403715539.212142944 0.81332 -2.03878 0.68457 0.75673 -0.29239 0.54710 0.20628
1403715539.312143087 0.68939 -1.98240 0.62872 0.74748 -0.32714 0.53141 0.22773
1403715539.412142992 0.56805 -1.92665 0.56519 0.73941 -0.35774 0.51461 0.24591
1403715539.512142897 0.45223 -1.86717 0.51848 0.73000 -0.38064 0.50453 0.26013
1403715539.612143040 0.34454 -1.82572 0.46357 0.72044 -0.40315 0.50068 0.26030
1403715539.712142944 0.24100 -1.77283 0.45145 0.71008 -0.41718 0.50340 0.26141
1403715539.812143087 0.14131 -1.73180 0.44864 0.70452 -0.42184 0.50521 0.26546
1403715539.912142992 0.04581 -1.69510 0.46085 0.70953 -0.42221 0.49904 0.26316
1403715540.012142897 -0.04709 -1.66466 0.49639 0.71812 -0.42528 0.49044 0.25083
1403715540.112143040 -0.13566 -1.65570 0.50751 0.72743 -0.43240 0.47977 0.23170
1403715540.212142944 -0.22342 -1.64778 0.55158 0.73167 -0.43743 0.47601 0.21617
1403715540.312143087 -0.31236 -1.65651 0.58948 0.73202 -0.43335 0.47878 0.21708
1403715540.412142992 -0.40373 -1.67849 0.62564 0.73689 -0.42290 0.47582 0.22747
1403715540.512142897 -0.49064 -1.71087 0.65827 0.74525 -0.41449 0.46558 0.23673
1403715540.612143040 -0.57056 -1.75239 0.68891 0.75289 -0.41384 0.45221 0.23958
1403715540.712142944 -0.64149 -1.80819 0.71256 0.75304 -0.42344 0.44747 0.23108
1403715540.812143087 -0.70314 -1.87708 0.73601 0.74656 -0.43290 0.45247 0.22476
1403715540.912142992 -0.75991 -1.96145 0.75852 0.73855 -0.43512 0.46204 0.22746
1403715541.012142897 -0.81540 -2.05546 0.78623 0.73323 -0.43103 0.46977 0.23646
1403715541.112143040 -0.85609 -2.17363 0.78820 0.73210 -0.42616 0.47231 0.24362
1403715541.212142944 -0.90305 -2.28495 0.81082 0.72581 -0.42921 0.48168 0.23867
1403715541.312143087 -0.94711 -2.40861 0.82720 0.71324 -0.43290 0.49815 0.23609
1403715541.412142992 -0.99356 -2.53859 0.84005 0.70993 -0.42832 0.50105 0.24799
1403715541.512142897 -1.04111 -2.67265 0.84717 0.71830 -0.42644 0.48758 0.25388
1403715541.612143040 -1.08798 -2.80999 0.85486 0.72774 -0.42737 0.47244 0.25406
1403715541.712142944 -1.12888 -2.95361 0.86484 0.73548 -0.42199 0.46104 0.26161
1403715541.812143087 -1.16480 -3.10302 0.87095 0.73980 -0.40534 0.45602 0.28363
1403715541.912142992 -1.18275 -3.25399 0.88344 0.74080 -0.38629 0.45632 0.30620
1403715542.012142897 -1.19689 -3.39971 0.89497 0.74497 -0.36823 0.45560 0.31914
1403715542.112143040 -1.18435 -3.53951 0.90424 0.74612 -0.34790 0.46568 0.32468
1403715542.212142944 -1.15684 -3.66727 0.91451 0.74382 -0.32694 0.48517 0.32318
1403715542.312143087 -1.11502 -3.78134 0.92621 0.74035 -0.31021 0.50988 0.30931
1403715542.412142992 -1.06323 -3.87965 0.93903 0.73633 -0.29589 0.53747 0.28532
1403715542.512142897 -1.00749 -3.96740 0.95277 0.72935 -0.28425 0.56670 0.25709
1403715542.612143040 -0.95510 -4.04304 0.96259 0.73196 -0.27443 0.57717 0.23623
1403715542.712142944 -0.91216 -4.10136 0.97027 0.74019 -0.26818 0.57608 0.21986
1403715542.812143087 -0.87406 -4.14770 0.97162 0.74877 -0.26244 0.57096 0.21088
1403715542.912142992 -0.84160 -4.18544 0.97092 0.75576 -0.26167 0.56567 0.20093
1403715543.112143040 -0.79218 -4.24535 0.95165 0.75480 -0.26876 0.57016 0.18155
1403715543.312143087 -0.76198 -4.29598 0.91980 0.74665 -0.27402 0.57903 0.17933
1403715543.512142897 -0.75847 -4.34102 0.88624 0.74625 -0.27144 0.57703 0.19097
1403715543.712142944 -0.78433 -4.36459 0.85549 0.73694 -0.26089 0.58568 0.21412
1403715543.812143087 -0.81120 -4.36519 0.83538 0.73250 -0.25671 0.58393 0.23784
1403715543.912142992 -0.84400 -4.35178 0.81438 0.72950 -0.26148 0.57507 0.26220
1403715544.012142897 -0.88107 -4.32390 0.78914 0.72805 -0.27583 0.55932 0.28464
1403715544.112143040 -0.91957 -4.27860 0.75809 0.72297 -0.30424 0.54320 0.29947
1403715544.212142944 -0.95729 -4.21988 0.71474 0.71173 -0.34659 0.52841 0.30676
1403715544.312143087 -0.99396 -4.15106 0.65836 0.69460 -0.39231 0.51250 0.31775
1403715544.412142992 -1.02836 -4.07496 0.58863 0.67305 -0.43853 0.49704 0.32810
1403715544.512142897 -1.06105 -3.99173 0.51324 0.64997 -0.47651 0.48268 0.34279
1403715544.612143040 -1.09146 -3.90553 0.44476 0.63014 -0.50442 0.47046 0.35658
1403715544.712142944 -1.11945 -3.81537 0.39935 0.61597 -0.51822 0.46335 0.37059
1403715544.812143087 -1.14624 -3.72426 0.37892 0.60533 -0.52110 0.46329 0.38392
1403715544.912142992 -1.17067 -3.61551 0.38667 0.60176 -0.52163 0.46231 0.38995
1403715545.012142897 -1.19595 -3.52189 0.39497 0.60518 -0.52573 0.45493 0.38781
1403715545.112143040 -1.21943 -3.40685 0.42295 0.60598 -0.53225 0.44658 0.38738
1403715545.212142944 -1.24450 -3.29616 0.43562 0.60252 -0.54186 0.43709 0.39026
1403715545.312143087 -1.26372 -3.17899 0.43628 0.59593 -0.55434 0.42681 0.39422
1403715545.412142992 -1.28399 -3.06212 0.43756 0.58402 -0.56833 0.42532 0.39375
1403715545.512142897 -1.30967 -2.95563 0.41608 -0.57006 0.58328 -0.43086 -0.38623
1403715545.612143040 -1.33494 -2.84491 0.42954 -0.55812 0.59503 -0.43689 -0.37890
1403715545.712142944 -1.35954 -2.72036 0.42383 -0.55277 0.59982 -0.44111 -0.37427
1403715545.812143087 -1.40090 -2.61696 0.43740 -0.55715 0.59688 -0.44041 -0.37331
1403715545.912142992 -1.44773 -2.50872 0.44095 -0.56917 0.58516 -0.43984 -0.37441
1403715546.012142897 -1.49856 -2.39911 0.44680 0.58890 -0.56466 0.44029 0.37483
1403715546.112143040 -1.54922 -2.28924 0.45441 0.61173 -0.53893 0.44644 0.36883
1403715546.212142944 -1.60022 -2.18218 0.46338 0.63542 -0.51026 0.45931 0.35342
1403715546.312143087 -1.64962 -2.07511 0.47204 0.65949 -0.47980 0.47446 0.33129
1403715546.412142992 -1.69736 -1.96824 0.48231 0.68319 -0.44726 0.48908 0.30660
1403715546.512142897 -1.74365 -1.86224 0.49609 0.70598 -0.41320 0.50232 0.28025
1403715546.612143040 -1.79076 -1.75694 0.50861 0.72822 -0.37613 0.51317 0.25473
1403715546.712142944 -1.83718 -1.65437 0.51821 0.75373 -0.33770 0.51572 0.22780
1403715546.812143087 -1.87896 -1.55475 0.52637 0.78197 -0.30232 0.50892 0.19526
1403715546.912142992 -1.91696 -1.46209 0.53660 0.80185 -0.26885 0.50850 0.16180
1403715547.012142897 -1.94630 -1.37504 0.54263 0.81821 -0.22484 0.50941 0.14311
1403715547.112143040 -1.96867 -1.29710 0.55448 0.83039 -0.18214 0.51188 0.12351
1403715547.212142944 -1.97962 -1.22136 0.56508 0.83862 -0.14012 0.51621 0.10300
1403715547.312143087 -1.97948 -1.14724 0.57664 0.84476 -0.09919 0.51900 0.08472
1403715547.412142992 -1.96829 -1.07158 0.59013 0.85048 -0.06529 0.51799 0.06413
1403715547.512142897 -1.94084 -1.00661 0.59000 0.85719 -0.03587 0.51205 0.04176
1403715547.612143040 -1.90210 -0.93109 0.59429 0.86117 -0.00256 0.50790 0.02054
1403715547.712142944 -1.84744 -0.85546 0.60011 0.86274 0.03302 0.50456 0.00115
1403715547.812143087 -1.77958 -0.77130 0.60471 0.86177 0.06736 0.50246 -0.01867
1403715547.912142992 -1.69703 -0.68078 0.60915 0.85679 0.09894 0.50455 -0.03946
1403715548.012142897 -1.60231 -0.58247 0.61583 0.84604 0.12150 0.51540 -0.06178
1403715548.112143040 -1.49817 -0.48062 0.62375 0.83092 0.13775 0.53375 -0.07560
1403715548.212142944 -1.38904 -0.37574 0.62921 0.81852 0.14845 0.54890 -0.08182
1403715548.312143087 -1.27846 -0.26965 0.63261 0.80995 0.15452 0.55967 -0.08290
1403715548.412142992 -1.16718 -0.15939 0.62408 0.80745 0.15622 0.56308 -0.08099
1403715548.512142897 -1.05689 -0.04543 0.60532 0.80841 0.15330 0.56255 -0.08071
1403715548.612143040 -0.94640 0.07873 0.58251 0.81055 0.14571 0.56096 -0.08428
1403715548.712142944 -0.84924 0.17815 0.56630 0.81183 0.13841 0.56068 -0.08609
1403715548.812143087 -0.74527 0.30266 0.54470 0.81274 0.13238 0.56077 -0.08642
1403715548.912142992 -0.64558 0.41848 0.52706 0.81249 0.12712 0.56242 -0.08597
1403715549.012142897 -0.54747 0.53435 0.50986 0.81102 0.12781 0.56401 -0.08839
1403715549.112143040 -0.45178 0.65079 0.49430 0.80568 0.13410 0.56895 -0.09586
1403715549.212142944 -0.35815 0.76871 0.48219 0.79501 0.14153 0.58072 -0.10340
1403715549.312143087 -0.27173 0.88282 0.47061 0.78476 0.14715 0.59185 -0.11052
1403715549.412142992 -0.19468 0.99301 0.45784 0.78130 0.14487 0.59377 -0.12658
1403715549.512142897 -0.12298 1.09777 0.44331 0.78505 0.14114 0.58622 -0.14188
1403715549.612143040 -0.05478 1.19600 0.42784 0.79422 0.13680 0.57204 -0.15257
1403715549.712142944 0.01239 1.28310 0.41336 0.80289 0.12474 0.56110 -0.15802
1403715549.812143087 0.07987 1.35508 0.40339 0.80540 0.10599 0.56172 -0.15673
1403715549.912142992 0.14758 1.41108 0.39530 0.80738 0.08017 0.56438 -0.15227
1403715550.012142897 0.21575 1.44915 0.39010 0.81091 0.04529 0.56436 -0.14788
1403715550.112143040 0.28241 1.46471 0.38751 0.81697 0.01266 0.56171 -0.12997
1403715550.212142944 0.35319 1.46155 0.39301 0.82166 -0.01310 0.56128 -0.09834
1403715550.312143087 0.42584 1.44281 0.41241 0.82539 -0.03773 0.55935 -0.06667
1403715550.412142992 0.50002 1.40875 0.44569 0.82446 -0.06195 0.56143 -0.03484
1403715550.512142897 0.57517 1.36289 0.48294 0.82111 -0.08665 0.56415 -0.00123
1403715550.612143040 0.64948 1.30940 0.51396 0.81720 -0.11670 0.56384 0.02532
1403715550.712142944 0.72296 1.25051 0.53207 0.81077 -0.15274 0.56341 0.04361
1403715550.812143087 0.79465 1.18529 0.53757 0.80217 -0.19278 0.56247 0.05468
1403715550.912142992 0.86355 1.11135 0.53063 0.79248 -0.23219 0.56021 0.06512
1403715551.012142897 0.92510 1.02700 0.52104 0.78209 -0.26727 0.55707 0.08105
1403715551.112143040 0.98336 0.92748 0.51817 0.77206 -0.29390 0.55297 0.10850
1403715551.212142944 1.03122 0.81433 0.52878 0.76014 -0.32199 0.54856 0.13266
1403715551.312143087 1.07137 0.68977 0.55044 0.74401 -0.35488 0.54591 0.14996
1403715551.412142992 1.10051 0.55518 0.57500 0.72678 -0.38863 0.54148 0.16603
1403715551.512142897 1.11978 0.41025 0.59905 0.70820 -0.41856 0.53675 0.18749
1403715551.612143040 1.12391 0.25779 0.62276 0.69033 -0.44132 0.52987 0.21891
1403715551.712142944 1.11448 0.09982 0.64784 0.66989 -0.45778 0.52464 0.25775
1403715551.812143087 1.09298 -0.05737 0.67286 0.64611 -0.47600 0.52068 0.29132
1403715551.912142992 1.06003 -0.20975 0.69676 0.61673 -0.49501 0.52143 0.32050
1403715552.012142897 1.01525 -0.35428 0.71865 0.59288 -0.51087 0.51310 0.35248
1403715552.112143040 0.96052 -0.48629 0.73682 0.57806 -0.52791 0.49237 0.38044
1403715552.212142944 0.90014 -0.60524 0.75155 0.56097 -0.54581 0.47317 0.40437
1403715552.312143087 0.83540 -0.70841 0.76896 -0.53741 0.55917 -0.45856 -0.43387
1403715552.412142992 0.76903 -0.79653 0.78169 -0.51286 0.57658 -0.44039 -0.45890
1403715552.512142897 0.70352 -0.86349 0.79341 -0.48454 0.59712 -0.42171 -0.48044
1403715552.612143040 0.64049 -0.91520 0.80427 -0.44986 0.61932 -0.40656 -0.49877
1403715552.712142944 0.57787 -0.94519 0.81265 0.41152 -0.64454 0.39078 0.51235
1403715552.812143087 0.52002 -0.95326 0.81893 0.37275 -0.67170 0.36968 0.52270
1403715552.912142992 0.46479 -0.94884 0.82101 0.33310 -0.69958 0.34679 0.52855
1403715553.012142897 0.40249 -0.91999 0.81873 0.29100 -0.72811 0.32740 0.52724
1403715553.112143040 0.34227 -0.88037 0.81300 0.24943 -0.75103 0.30741 0.52843
1403715553.212142944 0.27146 -0.81420 0.80908 0.21256 -0.76366 0.28156 0.54070
1403715553.312143087 0.19853 -0.72650 0.80527 0.17408 -0.76898 0.25893 0.55797
1403715553.412142992 0.13239 -0.63305 0.79335 0.13999 -0.76531 0.22857 0.58519
1403715553.512142897 0.06493 -0.50768 0.78643 0.11199 -0.75661 0.18944 0.61572
1403715553.612143040 0.01088 -0.37253 0.77143 0.08790 -0.75245 0.15170 0.63489
1403715553.712142944 -0.02802 -0.22543 0.75273 0.07274 -0.75549 0.12030 0.63989
1403715553.812143087 -0.04714 -0.07705 0.72766 0.06920 -0.77476 0.09172 0.62173
1403715553.912142992 -0.05717 0.07901 0.70677 0.07194 -0.79419 0.06842 0.59951
1403715554.012142897 -0.05710 0.23225 0.68735 0.07366 -0.81375 0.05675 0.57372
1403715554.112143040 -0.05592 0.38232 0.66808 0.07389 -0.83526 0.05414 0.54217
1403715554.212142944 -0.06043 0.52747 0.65085 0.07638 -0.85282 0.05191 0.51398
1403715554.312143087 -0.08012 0.66651 0.63679 -0.08397 0.86244 -0.04556 -0.49706
1403715554.412142992 -0.11921 0.79707 0.61859 -0.10928 0.85973 -0.02312 -0.49839
1403715554.512142897 -0.17216 0.91194 0.59531 0.16267 -0.83281 -0.02075 0.52871
1403715554.612143040 -0.22768 1.00065 0.56003 0.21626 -0.79648 -0.06855 0.56050
1403715554.712142944 -0.27349 1.05755 0.51329 0.25164 -0.76688 -0.10197 0.58153
1403715554.812143087 -0.30260 1.07156 0.46119 0.27067 -0.74447 -0.12122 0.59817
1403715554.912142992 -0.30625 1.01701 0.42252 0.26865 -0.73326 -0.11684 0.61360
1403715555.012142897 -0.27458 0.90097 0.40995 0.24358 -0.73482 -0.08761 0.62692
1403715555.112143040 -0.21095 0.73703 0.41811 0.18901 -0.76346 -0.02243 0.61717
1403715555.212142944 -0.12767 0.54843 0.43676 0.12881 -0.79610 0.05206 0.58900
1403715555.312143087 -0.04033 0.35528 0.44769 0.06721 -0.82172 0.13168 0.55037
1403715555.412142992 0.03747 0.17520 0.45172 0.03845 -0.82764 0.16761 0.53428
1403715555.512142897 0.10087 0.01905 0.46738 0.03981 -0.82140 0.16355 0.54495
1403715555.612143040 0.15585 -0.11237 0.49540 0.05389 -0.81450 0.14620 0.55885
1403715555.712142944 0.21127 -0.22377 0.53908 0.06861 -0.81363 0.13141 0.56217
1403715555.812143087 0.26677 -0.30561 0.59035 0.06970 -0.81879 0.13877 0.55269
1403715555.912142992 0.31152 -0.38079 0.65084 0.06665 -0.82303 0.15094 0.54350
1403715556.012142897 0.34439 -0.43761 0.71753 0.06342 -0.82752 0.16198 0.53380
1403715556.112143040 0.36579 -0.47820 0.77440 0.05400 -0.83198 0.17912 0.52231
1403715556.212142944 0.37369 -0.49372 0.82218 0.05166 -0.82694 0.18419 0.52874
1403715556.312143087 0.36939 -0.49125 0.86921 0.05626 -0.81998 0.18139 0.53997
1403715556.412142992 0.35805 -0.46768 0.91345 0.06477 -0.81632 0.17643 0.54617
1403715556.512142897 0.33916 -0.42850 0.95034 0.08517 -0.81568 0.15574 0.55060
1403715556.612143040 0.31714 -0.37215 0.97067 0.10855 -0.81596 0.13054 0.55261
1403715556.712142944 0.29029 -0.31436 0.97722 0.12409 -0.82086 0.11522 0.54544
1403715556.812143087 0.26071 -0.25303 0.97025 0.13818 -0.82182 0.10162 0.54331
1403715556.912142992 0.22586 -0.19312 0.95865 0.14971 -0.81840 0.09015 0.54743
1403715557.012142897 0.18677 -0.13839 0.94391 0.15462 -0.81976 0.08535 0.54479
1403715557.112143040 0.13951 -0.09521 0.93561 0.15165 -0.83011 0.08989 0.52901
1403715557.212142944 0.09573 -0.03898 0.91000 0.14601 -0.84171 0.09609 0.51085
1403715557.312143087 0.03426 -0.01262 0.91391 -0.14232 0.84941 -0.09841 -0.49856
1403715557.412142992 -0.04497 0.02360 0.88760 -0.13944 0.85163 -0.09910 -0.49544
1403715557.512142897 -0.13416 0.04599 0.88324 0.13946 -0.84339 0.09664 0.50981
1403715557.612143040 -0.23823 0.07390 0.87273 0.14216 -0.83133 0.09012 0.52968
1403715557.712142944 -0.34716 0.09113 0.86571 0.14529 -0.82035 0.08205 0.54698
1403715557.812143087 -0.46312 0.10197 0.85695 0.14168 -0.81636 0.08125 0.55396
1403715557.912142992 -0.56624 0.11075 0.83698 0.13396 -0.81777 0.08272 0.55360
1403715558.012142897 -0.68302 0.11247 0.85699 0.12627 -0.81855 0.08345 0.55414
1403715558.112143040 -0.79674 0.11433 0.87820 0.12163 -0.82006 0.08157 0.55322
1403715558.212142944 -0.91240 0.10313 0.90793 0.12146 -0.82234 0.07592 0.55067
1403715558.312143087 -1.02877 0.09607 0.93797 0.12696 -0.82080 0.06438 0.55320
1403715558.412142992 -1.14992 0.08485 0.96754 0.13162 -0.81247 0.05625 0.56517
1403715558.512142897 -1.26941 0.06688 0.99100 0.12571 -0.79957 0.06524 0.58363
1403715558.612143040 -1.37933 0.03847 1.00320 0.11879 -0.78638 0.07597 0.60144
1403715558.712142944 -1.48461 0.02208 1.00450 0.11469 -0.78115 0.08313 0.60806
1403715558.812143087 -1.57778 -0.00368 0.99265 0.12189 -0.77911 0.08616 0.60885
1403715558.912142992 -1.66322 -0.02569 0.98444 0.13895 -0.77635 0.08702 0.60860
1403715559.012142897 -1.73575 -0.04883 0.97914 0.16046 -0.77131 0.08937 0.60938
1403715559.112143040 -1.78932 -0.08411 0.97879 0.18111 -0.76662 0.09991 0.60787
1403715559.212142944 -1.83794 -0.09086 0.97852 0.20235 -0.76057 0.11421 0.60625
1403715559.312143087 -1.86131 -0.13157 0.98199 0.22620 -0.75319 0.12686 0.60452
1403715559.412142992 -1.87220 -0.16397 0.98207 0.25136 -0.74867 0.13785 0.59776
1403715559.512142897 -1.87147 -0.19831 0.97824 0.27280 -0.75408 0.14655 0.57919
1403715559.612143040 -1.86348 -0.22994 0.96989 0.28128 -0.76295 0.16411 0.55845
1403715559.712142944 -1.84879 -0.27792 0.93032 0.29184 -0.76478 0.17266 0.54784
1403715559.812143087 -1.83176 -0.32242 0.88748 0.30719 -0.76055 0.17704 0.54393
1403715559.912142992 -1.81223 -0.36639 0.86795 0.32581 -0.75428 0.18257 0.53998
1403715560.012142897 -1.78472 -0.42369 0.82550 0.34880 -0.74562 0.18688 0.53616
1403715560.112143040 -1.75668 -0.48837 0.78700 0.37034 -0.73723 0.19542 0.53023
1403715560.212142944 -1.71684 -0.55916 0.77428 0.38577 -0.73146 0.21426 0.51984
1403715560.312143087 -1.67263 -0.63838 0.77016 0.39754 -0.72687 0.23758 0.50713
1403715560.412142992 -1.62789 -0.72170 0.77104 -0.41111 0.71950 -0.25793 -0.49677
1403715560.512142897 -1.58649 -0.80919 0.77478 -0.42773 0.71041 -0.27257 -0.48792
1403715560.612143040 -1.53820 -0.89996 0.77668 -0.44456 0.69996 -0.28690 -0.47969
1403715560.712142944 -1.49546 -0.99515 0.78002 -0.46298 0.68737 -0.30108 -0.47173
1403715560.912142992 -1.39875 -1.19350 0.78815 -0.50833 0.65401 -0.32044 -0.45955
1403715561.012142897 -1.34574 -1.29712 0.79254 -0.53120 0.63572 -0.33264 -0.45060
1403715561.112143040 -1.28664 -1.40390 0.79658 -0.55145 0.61904 -0.34898 -0.43691
1403715561.212142944 -1.22874 -1.51105 0.79621 -0.56779 0.60482 -0.36731 -0.42058
1403715561.312143087 -1.16481 -1.62258 0.79818 -0.57303 0.59881 -0.39079 -0.40043
1403715561.412142992 -1.10539 -1.73569 0.79938 -0.57694 0.59362 -0.41092 -0.38196
1403715561.512142897 -1.04839 -1.84836 0.80034 0.58796 -0.57941 0.42084 0.37614
1403715561.612143040 -0.99806 -1.96302 0.80631 0.60199 -0.55984 0.42598 0.37780
1403715561.712142944 -0.94927 -2.07490 0.81020 0.61507 -0.53787 0.43214 0.38163
1403715561.912142992 -0.84501 -2.29068 0.82281 0.63599 -0.49215 0.45850 0.37826
1403715562.012142897 -0.78886 -2.38733 0.83149 0.64246 -0.46699 0.47722 0.37607
1403715562.112143040 -0.73154 -2.47300 0.84167 0.64496 -0.44503 0.49480 0.37569
1403715562.212142944 -0.68324 -2.54069 0.85957 0.64706 -0.42760 0.50468 0.37917
1403715562.312143087 -0.60826 -2.60024 0.85531 0.65614 -0.41705 0.49917 0.38260
1403715562.412142992 -0.55645 -2.63632 0.86891 0.67137 -0.41496 0.48147 0.38113
1403715562.612143040 -0.40937 -2.67354 0.88042 0.69949 -0.39992 0.45679 0.37699
1403715562.712142944 -0.31600 -2.67656 0.88787 0.70469 -0.40403 0.46487 0.35224
1403715562.812143087 -0.21306 -2.67164 0.89478 0.70508 -0.41248 0.47688 0.32451
1403715562.912142992 -0.10841 -2.66157 0.90068 0.70709 -0.41479 0.48829 0.29925
1403715563.112143040 0.10390 -2.63562 0.91174 0.71787 -0.38713 0.51144 0.27060
1403715563.212142944 0.21018 -2.62122 0.91793 0.72399 -0.35765 0.52777 0.26341
1403715563.312143087 0.31487 -2.60210 0.92334 0.73075 -0.32201 0.54766 0.24977
1403715563.412142992 0.41425 -2.57480 0.92663 0.74143 -0.28288 0.56396 0.22849
1403715563.512142897 0.50770 -2.54094 0.92616 0.75461 -0.24143 0.57358 0.20805
1403715563.712142944 0.66710 -2.44847 0.88879 0.77084 -0.16155 0.59145 0.17289
1403715563.812143087 0.73549 -2.38831 0.85571 0.77350 -0.12710 0.60193 0.15237
1403715563.912142992 0.79787 -2.31761 0.81195 0.77510 -0.10114 0.61263 0.11696
1403715564.012142897 0.85213 -2.23793 0.75941 0.77911 -0.07816 0.61754 0.07433
1403715564.212142944 0.92664 -2.06903 0.65333 0.78686 -0.02635 0.61650 -0.00940
1403715564.312143087 0.94602 -1.98881 0.61002 0.78891 0.01060 0.61313 -0.03975
1403715564.412142992 0.95361 -1.91480 0.57896 0.79282 0.05444 0.60323 -0.06773
1403715564.512142897 0.95294 -1.84639 0.56123 0.79979 0.10216 0.58414 -0.09321
1403715564.712142944 0.93506 -1.71992 0.57317 0.79298 0.19784 0.55972 -0.13695
1403715564.812143087 0.92255 -1.66010 0.60141 0.78120 0.24330 0.55288 -0.15766
1403715564.912142992 0.90883 -1.59977 0.64269 0.76556 0.28403 0.54863 -0.17960
1403715565.112143040 0.86657 -1.47514 0.75984 0.72881 0.35637 0.53858 -0.22753
1403715565.212142944 0.83611 -1.41183 0.81923 0.71368 0.38672 0.52379 -0.25836
1403715565.312143087 0.80236 -1.35121 0.86704 0.69622 0.41214 0.51150 -0.28947
1403715565.412142992 0.76561 -1.29218 0.90511 0.67380 0.43430 0.50535 -0.31938
1403715565.612143040 0.68355 -1.19274 0.95130 0.62642 0.48194 0.48495 -0.37438
1403715565.712142944 0.63717 -1.15681 0.97542 0.60103 0.51132 0.46675 -0.39933
1403715565.812143087 0.58733 -1.13181 1.00336 0.57351 0.54673 0.44281 -0.41964
1403715566.012142897 0.48118 -1.12065 1.06400 0.50362 0.61741 0.38440 -0.46627
1403715566.112143040 0.42802 -1.12706 1.09528 0.46423 0.64908 0.35434 -0.48748
1403715566.212142944 0.37684 -1.14086 1.12542 -0.42294 -0.67694 -0.32576 0.50671
1403715566.412142992 0.28555 -1.19244 1.17762 -0.33923 -0.72307 -0.26612 0.53970
1403715566.512142897 0.24595 -1.22781 1.19098 -0.29787 -0.73930 -0.23809 0.55499
1403715566.612143040 0.20935 -1.26961 1.19285 -0.25879 -0.75163 -0.21103 0.56881
1403715566.812143087 0.14807 -1.37668 1.17591 -0.17434 -0.77550 -0.15316 0.58716
1403715566.912142992 0.12566 -1.44334 1.16766 -0.12891 -0.78369 -0.11647 0.59636
1403715567.012142897 0.10995 -1.51530 1.16037 -0.07997 -0.79111 -0.07669 0.60155
1403715567.212142944 0.10558 -1.67263 1.14375 0.02278 -0.80065 0.01962 0.59837
1403715567.312143087 0.11529 -1.75274 1.13397 0.08096 -0.80353 0.06453 0.58619
1403715567.412142992 0.12932 -1.83276 1.12093 0.14486 -0.80056 0.10250 0.57238
1403715567.712142944 0.19068 -2.07835 1.01300 0.31548 -0.75748 0.20720 0.53269
1403715567.912142992 0.25027 -2.25222 0.91637 0.40909 -0.70303 0.27840 0.51077
1403715568.012142897 0.28818 -2.33701 0.87000 -0.45451 0.67189 -0.30768 -0.49731
1403715568.212142944 0.38950 -2.49578 0.78813 -0.52841 0.60380 -0.36920 -0.46893
1403715568.312143087 0.45602 -2.56859 0.75256 -0.56077 0.57278 -0.39811 -0.44606
1403715568.512142897 0.60319 -2.68799 0.69445 0.62013 -0.50594 0.44710 0.39945
1403715568.612143040 0.67806 -2.72908 0.67331 0.64797 -0.47019 0.46767 0.37462
1403715568.712142944 0.75356 -2.75611 0.65791 0.67427 -0.43336 0.48623 0.34805
1403715568.912142992 0.90666 -2.78262 0.63732 0.72097 -0.36000 0.51528 0.29171
1403715569.012142897 0.98301 -2.78548 0.62708 0.74225 -0.32906 0.52181 0.26172
1403715569.212142944 1.13919 -2.77615 0.60407 0.77231 -0.26976 0.53667 0.20677
1403715569.312143087 1.21808 -2.76522 0.59566 0.77546 -0.24319 0.55217 0.18611
1403715569.512142897 1.36825 -2.73037 0.58415 0.77392 -0.19216 0.58167 0.16054
1403715569.612143040 1.43549 -2.70257 0.57985 0.77840 -0.16570 0.58697 0.14867
1403715569.812143087 1.54866 -2.62238 0.57209 0.79409 -0.11196 0.58735 0.10914
1403715569.912142992 1.59946 -2.57148 0.57062 0.79799 -0.08116 0.59147 0.08245
1403715570.112143040 1.68009 -2.45096 0.56961 0.79744 -0.01210 0.60247 0.03108
1403715570.212142944 1.70970 -2.38367 0.56762 0.79604 0.02416 0.60475 0.00377
1403715570.412142992 1.73932 -2.23681 0.55807 0.78592 0.10219 0.60738 -0.05452
1403715570.512142897 1.74011 -2.15905 0.55138 0.77695 0.14209 0.60707 -0.08735
1403715570.712142944 1.70330 -2.00186 0.52886 0.76061 0.22686 0.58980 -0.14880
1403715570.812143087 1.66652 -1.92407 0.51516 0.75067 0.27019 0.57566 -0.17920
1403715571.012142897 1.56904 -1.76982 0.48612 0.72808 0.34838 0.54127 -0.23570
1403715571.112143040 1.51206 -1.69480 0.47155 0.71900 0.37251 0.52607 -0.25985
1403715571.312143087 1.39241 -1.55664 0.44816 0.69238 0.39090 0.52997 -0.29484
1403715571.412142992 1.32623 -1.49981 0.43873 0.68492 0.39492 0.53358 -0.30035
1403715571.612143040 1.18290 -1.40814 0.41243 0.70707 0.39856 0.49998 -0.30204
1403715571.812143087 1.04824 -1.33353 0.34854 0.75553 0.37330 0.42513 -0.33029
1403715571.912142992 1.00805 -1.30422 0.31085 0.77480 0.36595 0.39329 -0.33330
1403715572.112143040 1.01008 -1.23960 0.24614 0.79351 0.38325 0.36400 -0.30160
1403715572.212142944 1.05787 -1.19428 0.22128 0.77952 0.41097 0.38380 -0.27594
1403715572.412142992 1.19412 -1.04847 0.18107 0.69870 0.46667 0.47220 -0.26658
1403715572.612143040 1.31088 -0.86434 0.12812 0.64261 0.49790 0.49677 -0.30392
1403715572.712142944 1.34770 -0.77011 0.10275 0.62328 0.51688 0.49053 -0.32206
1403715572.912142992 1.38377 -0.58276 0.07023 0.59712 0.55455 0.45498 -0.35906
1403715573.112143040 1.37858 -0.40179 0.09054 0.56231 0.58441 0.42326 -0.40388
1403715573.212142944 1.36472 -0.31944 0.11577 0.54485 0.60039 0.40431 -0.42333
1403715573.412142992 1.32877 -0.17035 0.16417 0.51094 0.63538 0.35903 -0.45423
1403715573.612143040 1.29602 -0.03109 0.20591 0.47942 0.66574 0.30736 -0.48215
1403715573.712142944 1.28515 0.03923 0.22651 0.45444 0.68762 0.29471 -0.48353
1403715573.912142992 1.26300 0.18372 0.26609 0.40126 0.73604 0.26471 -0.47662
1403715574.112143040 1.22119 0.33976 0.30623 0.34335 0.77508 0.21382 -0.48542
1403715574.212142944 1.18876 0.42800 0.32948 0.30765 0.78775 0.19096 -0.49834
1403715574.412142992 1.10704 0.61522 0.37763 -0.21702 -0.79895 -0.18318 0.53011
1403715574.612143040 1.00440 0.78517 0.40961 -0.16164 -0.80960 -0.18170 0.53424
1403715574.712142944 0.94283 0.85688 0.42150 -0.14460 -0.81567 -0.17396 0.53246
1403715574.912142992 0.79215 0.97039 0.44353 -0.14119 -0.81961 -0.13430 0.53877
1403715575.112143040 0.62077 1.05211 0.47700 -0.14278 -0.80623 -0.12242 0.56091
1403715575.312143087 0.45733 1.10527 0.52084 -0.13802 -0.78098 -0.14209 0.59231
1403715575.412142992 0.38245 1.11904 0.53572 -0.14688 -0.78763 -0.14290 0.58107
1403715575.612143040 0.24736 1.12068 0.57634 -0.14619 -0.79247 -0.17187 0.56665
1403715575.812143087 0.10758 1.07063 0.62330 -0.13956 -0.78901 -0.20367 0.56259
1403715576.012142897 -0.04582 0.95414 0.66199 -0.16310 -0.79038 -0.18278 0.56151
1403715576.112143040 -0.12568 0.87629 0.67917 -0.17474 -0.78985 -0.16861 0.56318
1403715576.312143087 -0.28417 0.70131 0.71167 -0.18500 -0.78512 -0.15304 0.57092
1403715576.512142897 -0.43071 0.50869 0.75531 -0.17679 -0.76485 -0.15866 0.59881
1403715576.712142944 -0.53877 0.28700 0.80339 -0.17677 -0.75175 -0.17370 0.61111
1403715576.912142992 -0.59953 0.02961 0.84796 -0.19947 -0.76711 -0.17912 0.58281
1403715577.112143040 -0.63382 -0.25673 0.89316 -0.23396 -0.77095 -0.17123 0.56707
1403715577.212142944 -0.64495 -0.40147 0.90860 -0.25373 -0.76699 -0.16678 0.56527
1403715577.412142992 -0.66174 -0.68684 0.88780 -0.26715 -0.76221 -0.17798 0.56214
1403715577.612143040 -0.66010 -0.96169 0.83712 -0.26887 -0.76214 -0.18631 0.55870
1403715577.812143087 -0.64088 -1.22749 0.82419 -0.27831 -0.76015 -0.17612 0.56008
1403715578.012142897 -0.60393 -1.47408 0.79347 -0.31034 -0.75160 -0.16595 0.55790
1403715578.112143040 -0.57736 -1.59196 0.75419 -0.33824 -0.74811 -0.15779 0.54867
1403715578.312143087 -0.49826 -1.78568 0.65780 -0.39828 -0.73297 -0.16570 0.52599
1403715578.512142897 -0.38485 -1.91915 0.56379 0.43594 0.71782 0.22342 -0.49474
1403715578.712142944 -0.26444 -1.99785 0.46461 0.46868 0.73553 0.25405 -0.41809
1403715578.912142992 -0.18392 -2.00274 0.37435 0.48628 0.73610 0.26553 -0.38882
1403715579.112143040 -0.16248 -1.92408 0.31202 0.45005 0.72708 0.32747 -0.40196
1403715579.312143087 -0.22506 -1.81624 0.29894 0.40625 0.71487 0.38566 -0.41856
1403715579.512142897 -0.37194 -1.73405 0.28434 0.41553 0.71164 0.37690 -0.42290
1403715579.712142944 -0.59018 -1.67468 0.27393 0.43058 0.70508 0.35326 -0.43894
1403715579.912142992 -0.85731 -1.62724 0.29410 0.42530 0.69894 0.35581 -0.45167
1403715580.112143040 -1.15507 -1.59950 0.32528 0.45320 0.67558 0.35628 -0.45964
1403715580.312143087 -1.46315 -1.58781 0.31328 0.49791 0.64071 0.36988 -0.45252
1403715580.512142897 -1.76838 -1.59275 0.29475 0.55212 0.59422 0.37733 -0.44687
1403715580.712142944 -2.05247 -1.60803 0.28012 0.59798 0.56097 0.36223 -0.44331
1403715580.912142992 -2.28308 -1.61942 0.27044 0.63498 0.53367 0.33044 -0.45033
1403715581.112143040 -2.42166 -1.61232 0.27187 0.65285 0.53550 0.31176 -0.43570
1403715581.312143087 -2.46609 -1.56503 0.28674 0.64006 0.54718 0.33682 -0.42129
1403715581.412142992 -2.46264 -1.52750 0.29435 0.62756 0.55378 0.34287 -0.42653
1403715581.612143040 -2.42119 -1.43614 0.29695 0.57245 0.59775 0.36700 -0.42463
1403715581.812143087 -2.37306 -1.33163 0.26360 0.50287 0.65251 0.37413 -0.42589
1403715582.012142897 -2.35595 -1.22912 0.25656 0.44960 0.68661 0.34566 -0.45491
1403715582.212142944 -2.36657 -1.14119 0.28290 -0.40555 -0.68744 -0.32448 0.50761
1403715582.412142992 -2.38033 -1.08112 0.27184 -0.39415 -0.70750 -0.30596 0.50048
1403715582.612143040 -2.40336 -1.04121 0.26410 0.40175 0.72570 0.29207 -0.47608
1403715582.812143087 -2.44909 -1.00060 0.28602 0.41577 0.72952 0.28860 -0.46005
1403715583.212142944 -2.62476 -0.85119 0.22072 0.43774 0.71858 0.29523 -0.45262
1403715583.312143087 -2.68793 -0.79542 0.19966 0.43410 0.69693 0.30551 -0.48218
1403715583.512142897 -2.81178 -0.68962 0.15088 -0.42255 -0.65799 -0.32029 0.53471
1403715583.712142944 -2.90326 -0.62686 0.10334 -0.39149 -0.61406 -0.34985 0.58931
1403715583.912142992 -2.93054 -0.66830 0.06788 -0.36733 -0.58567 -0.36731 0.62222
1403715584.112143040 -2.86226 -0.86203 0.09619 -0.39248 -0.60134 -0.33054 0.61245
1403715584.312143087 -2.70100 -1.15676 0.18144 -0.43662 -0.65575 -0.27416 0.55154
1403715584.512142897 -2.48816 -1.46196 0.23340 -0.45461 -0.69354 -0.24706 0.50130
1403715584.712142944 -2.25346 -1.72762 0.25788 0.44837 0.71478 0.25428 -0.47266
1403715584.912142992 -2.02369 -1.93802 0.29031 0.43592 0.73240 0.27243 -0.44649
1403715585.112143040 -1.83756 -2.10722 0.31926 0.44083 0.75130 0.27022 -0.41012
1403715585.312143087 -1.71311 -2.21355 0.35245 0.44450 0.75106 0.26681 -0.40883
1403715585.612143040 -1.62748 -2.26797 0.41528 0.41756 0.73378 0.29432 -0.44787
1403715585.812143087 -1.63004 -2.26858 0.42912 0.41415 0.73093 0.29426 -0.45567
1403715586.012142897 -1.65899 -2.25596 0.37453 0.43862 0.71838 0.26080 -0.47278
1403715586.212142944 -1.69028 -2.20923 0.34700 -0.43962 -0.68921 -0.26452 0.51161
1403715586.412142992 -1.69601 -2.15562 0.34959 -0.40427 -0.68797 -0.31573 0.51340
1403715586.812143087 -1.70280 -2.14762 0.34804 -0.40695 -0.69095 -0.31370 0.50850
1403715586.912142992 -1.70496 -2.16852 0.35105 0.42171 0.69883 0.29622 -0.49604
1403715587.212142944 -1.71080 -2.23178 0.36979 0.42365 0.69829 0.29917 -0.49336
1403715587.312143087 -1.71267 -2.25154 0.38520 -0.41542 -0.69516 -0.30626 0.50037
1403715587.512142897 -1.71639 -2.30098 0.41466 -0.42308 -0.68685 -0.28692 0.51664
1403715587.812143087 -1.66953 -2.37968 0.46630 -0.48202 -0.66067 -0.27643 0.50474
1403715588.012142897 -1.58151 -2.41809 0.50576 0.52040 0.62427 0.32920 -0.48073
1403715588.212142944 -1.46236 -2.45955 0.52297 0.55173 0.57493 0.39565 -0.45663
1403715588.412142992 -1.33705 -2.52485 0.46178 0.59240 0.52293 0.43755 -0.42914
1403715588.712142944 -1.13598 -2.69124 0.35239 0.65525 0.46369 0.46668 -0.37129
1403715588.912142992 -0.99462 -2.83211 0.27766 0.70570 0.44273 0.46092 -0.30582
1403715589.112143040 -0.84521 -2.95065 0.20964 0.74988 0.41718 0.45106 -0.24534
1403715589.412142992 -0.58653 -3.00037 0.20066 0.78955 0.36818 0.44995 -0.19648
1403715589.612143040 -0.37159 -2.94844 0.23051 0.81066 0.34115 0.44458 -0.16972
1403715589.812143087 -0.10420 -2.81565 0.31472 0.79637 0.32535 0.47987 -0.17223
1403715590.112143040 0.32952 -2.52609 0.49036 0.75403 0.30922 0.54214 -0.20469
1403715590.312143087 0.59483 -2.32434 0.58009 0.75120 0.32979 0.53569 -0.19995
1403715590.512142897 0.82979 -2.10103 0.66331 0.72955 0.38203 0.53124 -0.19896
1403715590.812143087 1.10159 -1.69864 0.77188 0.69793 0.45521 0.48617 -0.26328
1403715591.012142897 1.23515 -1.40303 0.84414 0.65644 0.50279 0.46215 -0.32048
1403715591.312143087 1.38229 -0.95154 0.93526 0.57091 0.60644 0.41742 -0.36339
1403715591.512142897 1.42864 -0.64427 0.98474 0.50769 0.66392 0.38323 -0.39318
1403715591.712142944 1.42578 -0.33524 0.99666 0.45146 0.70515 0.33930 -0.42875
1403715592.012142897 1.34496 0.12958 0.92916 0.35720 0.75405 0.30147 -0.46145
1403715592.212142944 1.22641 0.40832 0.85038 0.28191 0.77826 0.28073 -0.48582
1403715592.412142992 1.04493 0.62973 0.81549 -0.20299 -0.79485 -0.25075 0.51394
1403715592.712142944 0.68708 0.80723 0.80570 -0.08448 -0.81424 -0.20100 0.53803
1403715592.912142992 0.41153 0.80908 0.80061 -0.03933 -0.82465 -0.11672 0.55208
1403715593.212142944 -0.02111 0.71897 0.79263 0.03021 -0.82177 0.01955 0.56868
1403715593.412142992 -0.30034 0.64979 0.78865 0.11290 -0.81273 0.04924 0.56948
1403715593.712142944 -0.68441 0.50025 0.78334 0.22460 -0.77781 0.09740 0.57887
1403715593.912142992 -0.89388 0.36049 0.78008 0.28931 -0.74832 0.14532 0.57897
1403715594.112143040 -1.05173 0.19584 0.76961 0.35755 -0.73215 0.19303 0.54667
1403715594.412142992 -1.21498 -0.09529 0.76457 0.44416 -0.69200 0.25517 0.50867
1403715594.612143040 -1.27351 -0.31517 0.76372 -0.51129 0.64670 -0.28419 -0.48949
1403715594.912142992 -1.26277 -0.68415 0.75175 -0.59620 0.60564 -0.34458 -0.39875
1403715595.212142944 -1.19020 -1.12780 0.73846 0.65957 -0.53691 0.40898 0.33079
1403715595.412142992 -1.12679 -1.46233 0.72814 0.69050 -0.47420 0.45831 0.29713
1403715595.712142944 -1.02813 -1.97348 0.70864 0.73203 -0.33334 0.51844 0.29025
1403715595.912142992 -0.94756 -2.25601 0.70438 0.73708 -0.22518 0.55880 0.30619
1403715596.212142944 -0.84285 -2.43085 0.74438 0.70488 -0.16029 0.63711 0.26747
1403715596.412142992 -0.83339 -2.37944 0.79594 0.77769 -0.17692 0.56425 0.21336
1403715596.712142944 -0.78539 -2.20518 0.89165 0.85143 -0.17796 0.47797 0.12221
1403715596.912142992 -0.67258 -2.10116 0.95191 0.87503 -0.15595 0.45097 0.08137
1403715597.212142944 -0.32202 -2.00560 1.03216 0.87106 -0.13487 0.46874 0.05783
1403715597.512142897 0.19422 -1.98716 1.11290 0.81637 -0.09744 0.56853 0.02859
1403715597.712142944 0.53394 -1.99683 1.14575 0.80803 -0.04543 0.58734 0.00710
1403715598.012142897 1.00333 -2.03993 1.18153 0.80108 0.00251 0.59830 -0.01734
1403715598.312143087 1.40296 -2.09803 1.18492 0.77790 0.01588 0.62803 -0.01404
1403715598.512142897 1.59753 -2.13384 1.15323 0.74144 0.00611 0.67062 -0.02242
1403715598.812143087 1.70354 -2.19072 1.09102 0.77069 0.00164 0.63710 -0.01194
1403715599.012142897 1.68592 -2.23876 1.03295 0.79830 0.00469 0.60224 -0.00110
1403715599.312143087 1.61481 -2.27960 0.91960 0.80957 -0.00281 0.58691 -0.01141
1403715599.712142944 1.48162 -2.37692 0.74054 0.80223 -0.03014 0.59399 -0.05197
1403715599.912142992 1.39071 -2.47653 0.66033 0.79911 -0.01454 0.60045 -0.02605
1403715600.112143040 1.28204 -2.59040 0.57549 0.81233 0.01150 0.58304 0.00677
1403715600.412142992 1.11271 -2.69670 0.44663 0.81381 0.10330 0.57162 0.01712
1403715600.612143040 0.99817 -2.68866 0.36152 0.82610 0.14640 0.54141 -0.05482
1403715600.912142992 0.86879 -2.60282 0.31081 0.80564 0.23650 0.52536 -0.13788
1403715601.212142944 0.78906 -2.45978 0.38006 0.77620 0.29532 0.52960 -0.17270
1403715601.512142897 0.71908 -2.26644 0.50740 0.76613 0.31221 0.53332 -0.17646
1403715601.812143087 0.64185 -2.02128 0.60799 0.76296 0.30261 0.53837 -0.19099
1403715602.012142897 0.57924 -1.84755 0.67149 0.75047 0.27987 0.56708 -0.19206
1403715602.312143087 0.43773 -1.61655 0.73905 0.75372 0.21626 0.59603 -0.17288
1403715602.612143040 0.23164 -1.44566 0.77470 0.80045 0.16138 0.56667 -0.11010
1403715602.912142992 0.01547 -1.28491 0.73922 0.81506 0.09924 0.56874 -0.04871
1403715603.212142944 -0.19001 -1.09401 0.61149 0.82199 0.03244 0.56858 -0.00242
1403715603.412142992 -0.31657 -0.94978 0.52581 0.83049 -0.00328 0.55670 0.01914
1403715603.712142944 -0.46518 -0.71982 0.42821 0.82673 -0.05128 0.56026 -0.00172
1403715604.012142897 -0.57028 -0.55737 0.38864 0.83969 -0.07208 0.53775 -0.02336
1403715604.412142992 -0.61529 -0.46389 0.37830 0.83693 -0.04103 0.54539 0.02055
1403715604.612143040 -0.59475 -0.42985 0.36122 0.82727 -0.03973 0.55994 0.02254
1403715604.912142992 -0.54633 -0.36997 0.33413 0.82084 -0.03651 0.56932 0.02753
1403715605.212142944 -0.48700 -0.30389 0.32315 0.82191 -0.03375 0.56802 0.02623
1403715605.512142897 -0.41455 -0.23229 0.31761 0.81897 -0.03930 0.57245 0.00660
1403715605.812143087 -0.34153 -0.18521 0.26142 0.82003 -0.03030 0.57138 0.01272
1403715606.012142897 -0.28023 -0.14713 0.21694 0.81733 -0.02423 0.57537 0.01843
1403715606.412142992 -0.18138 -0.08710 0.13104 0.81724 -0.02618 0.57570 0.00251
1403715606.612143040 -0.13243 -0.05743 0.12265 0.81465 -0.02732 0.57926 -0.00731
1403715606.912142992 -0.07362 -0.03703 0.09612 0.80558 -0.02585 0.59165 -0.01776
1403715607.212142944 -0.04763 -0.04243 0.05226 0.81070 -0.00571 0.58540 0.00555
1403715607.512142897 -0.04944 -0.03428 0.02454 0.81179 -0.00517 0.58387 0.00780
1403715607.912142992 -0.07928 0.00789 -0.00691 0.81518 -0.00590 0.57909 0.01014
