1413393219.305760384 -0.51488 0.52239 0.26843 0.82484 -0.00663 0.56531 -0.00415
1413393219.505760431 -0.52576 0.55695 0.28721 0.82285 -0.00551 0.56820 -0.00671
1413393219.705760479 -0.52213 0.58442 0.29183 0.81699 -0.00349 0.57660 -0.00658
1413393219.805760384 -0.51832 0.59555 0.30984 0.81274 -0.00038 0.58262 -0.00298
1413393219.955760479 -0.50719 0.60469 0.35674 0.81020 0.00220 0.58615 0.00155
1413393220.105760574 -0.50118 0.61614 0.39759 0.80817 0.00296 0.58893 0.00367
1413393220.355760574 -0.49785 0.63894 0.45740 0.80662 0.00408 0.59101 0.00644
1413393220.805760384 -0.50766 0.69657 0.52215 0.81208 -0.00267 0.58354 -0.00139
1413393221.605760574 -0.50013 0.72071 0.69396 0.82392 -0.00244 0.56655 0.01291
1413393221.755760431 -0.48270 0.71986 0.71898 0.81898 -0.00045 0.57366 0.01363
1413393221.905760527 -0.46205 0.72170 0.74445 0.81483 0.00115 0.57957 0.01224
1413393222.355760574 -0.41166 0.73151 0.70769 0.81906 0.00405 0.57365 0.00615
1413393222.455760479 -0.40175 0.73383 0.68255 0.82435 0.00548 0.56601 0.00651
1413393222.655760527 -0.37138 0.74189 0.65699 0.82912 0.00437 0.55906 0.00095
1413393223.005760431 -0.27367 0.75934 0.69583 0.83420 0.00924 0.55137 -0.00345
1413393223.105760574 -0.23524 0.76425 0.71860 0.83151 0.01077 0.55538 -0.00542
1413393223.205760479 -0.19589 0.76877 0.74330 0.82940 0.01476 0.55845 -0.00308
1413393223.355760574 -0.12393 0.77744 0.76816 0.82697 0.01762 0.56196 -0.00164
1413393223.505760431 -0.04977 0.78806 0.75596 0.82252 0.01908 0.56841 0.00015
1413393223.655760527 0.02673 0.80041 0.70468 0.81737 0.01749 0.57585 0.00238
1413393223.905760527 0.15314 0.82992 0.63417 0.81658 0.01058 0.57706 0.00984
1413393224.105760574 0.25158 0.86468 0.62792 0.81618 0.00421 0.57763 0.01314
1413393224.355760574 0.36595 0.91681 0.58152 0.81356 0.00118 0.58120 0.01804
1413393224.555760384 0.45291 0.96358 0.49894 0.81226 -0.01728 0.58264 0.02157
1413393224.655760527 0.49105 0.98691 0.45168 0.81051 -0.03378 0.58421 0.02493
1413393224.755760431 0.52571 1.00903 0.40718 0.81228 -0.05135 0.58027 0.02933
1413393224.855760574 0.55447 1.02898 0.36693 0.81376 -0.06791 0.57602 0.03733
1413393224.955760479 0.58151 1.04753 0.33806 0.81427 -0.07933 0.57334 0.04425
1413393225.155760527 0.63530 1.07876 0.31616 0.81567 -0.08647 0.56914 0.05739
1413393225.405760527 0.70938 1.10960 0.30089 0.81610 -0.09907 0.56603 0.06149
1413393225.505760431 0.74640 1.11475 0.29660 0.81419 -0.11472 0.56547 0.06458
1413393225.605760574 0.77848 1.11451 0.29704 0.81172 -0.13584 0.56352 0.07144
1413393225.655760527 0.79666 1.11179 0.29742 0.80919 -0.14712 0.56364 0.07668
1413393225.705760479 0.81257 1.10816 0.30014 0.80677 -0.15844 0.56299 0.08406
1413393225.755760431 0.82652 1.10323 0.30425 0.80410 -0.16813 0.56243 0.09398
1413393225.805760384 0.83981 1.09735 0.30827 0.80092 -0.17784 0.56203 0.10503
1413393225.855760574 0.85190 1.09109 0.31255 0.79780 -0.18672 0.56093 0.11839
1413393225.905760527 0.86263 1.08448 0.31363 0.79432 -0.19522 0.56012 0.13121
1413393225.955760479 0.87379 1.07697 0.30942 0.79133 -0.20315 0.55822 0.14461
1413393226.005760431 0.88513 1.06991 0.30149 0.78743 -0.21128 0.55739 0.15695
1413393226.055760384 0.89724 1.06330 0.29091 0.78334 -0.22080 0.55660 0.16680
1413393226.105760574 0.90962 1.05758 0.28000 0.77966 -0.23066 0.55573 0.17346
1413393226.155760527 0.92268 1.05222 0.26991 0.77572 -0.24058 0.55547 0.17840
1413393226.205760479 0.93601 1.04752 0.26234 0.77259 -0.24979 0.55433 0.18283
1413393226.305760384 0.96319 1.04000 0.25775 0.76804 -0.26548 0.55230 0.18603
1413393226.405760527 0.99049 1.03350 0.25999 0.76814 -0.27794 0.54658 0.18429
1413393226.505760431 1.01794 1.02631 0.25807 0.77103 -0.28702 0.53896 0.18070
1413393226.655760527 1.06136 1.01035 0.23956 0.77333 -0.29336 0.53334 0.17734
1413393226.755760431 1.09130 0.99474 0.22770 0.77187 -0.28695 0.53552 0.18732
1413393226.905760527 1.13745 0.96862 0.21302 0.77172 -0.27750 0.53627 0.19964
1413393227.105760574 1.20509 0.93571 0.20017 0.77020 -0.27425 0.53888 0.20294
1413393227.255760431 1.25841 0.91450 0.19582 0.76582 -0.27920 0.54504 0.19623
1413393227.455760479 1.33398 0.88619 0.19399 0.76436 -0.28517 0.54585 0.19100
1413393227.655760527 1.40779 0.85418 0.19472 0.75934 -0.29448 0.54724 0.19290
1413393227.755760431 1.44289 0.83454 0.19374 0.75554 -0.30529 0.54471 0.19810
1413393227.855760574 1.47511 0.81337 0.19153 0.74969 -0.31919 0.54214 0.20536
1413393227.905760527 1.49360 0.80596 0.19551 0.74636 -0.32688 0.54038 0.20998
1413393227.955760479 1.51042 0.79374 0.19468 0.74197 -0.33512 0.53936 0.21508
1413393228.005760431 1.52602 0.78112 0.19326 0.73759 -0.34461 0.53716 0.22062
1413393228.055760384 1.54104 0.76792 0.19153 0.73312 -0.35331 0.53446 0.22816
1413393228.105760574 1.55396 0.75508 0.19099 0.72843 -0.36297 0.53168 0.23443
1413393228.155760527 1.56690 0.74152 0.18980 0.72453 -0.37211 0.52714 0.24230
1413393228.205760479 1.57825 0.72792 0.18894 0.72074 -0.38137 0.52283 0.24849
1413393228.255760431 1.58950 0.71400 0.18806 0.71781 -0.38804 0.51841 0.25578
1413393228.305760384 1.59546 0.69838 0.18962 0.71475 -0.39442 0.51460 0.26220
1413393228.355760574 1.61329 0.68782 0.18919 0.71176 -0.40000 0.51126 0.26834
1413393228.405760527 1.62308 0.67088 0.18822 0.70852 -0.40583 0.50767 0.27492
1413393228.455760479 1.63334 0.65706 0.18837 0.70430 -0.41259 0.50476 0.28097
1413393228.505760431 1.64347 0.64120 0.18943 0.69947 -0.41826 0.50343 0.28700
1413393228.605760574 1.66756 0.61119 0.19006 0.69122 -0.43092 0.49825 0.29712
1413393228.705760479 1.68192 0.58137 0.19060 0.68587 -0.44113 0.49298 0.30325
1413393228.855760574 1.71125 0.53574 0.19116 0.68321 -0.45405 0.48530 0.30258
1413393229.055760384 1.74842 0.46774 0.18542 0.68583 -0.45721 0.47639 0.30602
1413393229.155760527 1.76790 0.43039 0.17871 0.68695 -0.45088 0.47513 0.31473
1413393229.305760384 1.80096 0.37310 0.16379 0.68862 -0.44243 0.47463 0.32370
1413393229.405760527 1.82873 0.33256 0.14979 0.68747 -0.43968 0.47847 0.32426
1413393229.505760431 1.86019 0.29127 0.13493 0.68288 -0.44223 0.48701 0.31769
1413393229.605760574 1.89343 0.24992 0.12146 0.68111 -0.44688 0.49150 0.30792
1413393229.755760431 1.93748 0.19128 0.10715 0.68408 -0.45265 0.48924 0.29627
1413393229.905760527 1.97929 0.12484 0.09997 0.69134 -0.45623 0.48037 0.28835
1413393230.055760384 2.02613 0.04018 0.10024 0.69623 -0.44842 0.47611 0.29581
1413393230.155760527 2.06040 -0.02363 0.10116 0.69750 -0.44014 0.47652 0.30446
1413393230.255760431 2.09740 -0.08789 0.10007 0.69801 -0.43412 0.47824 0.30921
1413393230.355760574 2.13805 -0.15233 0.09445 0.69641 -0.43311 0.48271 0.30727
1413393230.455760479 2.17882 -0.21417 0.08700 0.69344 -0.43594 0.48700 0.30319
1413393230.605760574 2.23685 -0.30655 0.07873 0.68421 -0.45163 0.48747 0.30043
1413393230.705760479 2.27431 -0.37326 0.07663 0.67508 -0.46649 0.48409 0.30384
1413393230.805760384 2.30962 -0.44463 0.08046 0.66401 -0.48246 0.47930 0.31080
1413393230.855760574 2.32810 -0.48471 0.08178 0.65833 -0.49055 0.47549 0.31602
1413393230.905760527 2.34403 -0.52314 0.08475 0.65302 -0.49784 0.47045 0.32311
1413393230.955760479 2.36057 -0.56381 0.08891 0.64880 -0.50353 0.46405 0.33192
1413393231.005760431 2.37681 -0.60519 0.09371 0.64568 -0.50772 0.45673 0.34164
1413393231.055760384 2.39349 -0.64777 0.09877 0.64320 -0.51082 0.44962 0.35100
1413393231.105760574 2.41038 -0.68991 0.10446 0.64059 -0.51288 0.44428 0.35946
1413393231.205760479 2.44463 -0.77185 0.11710 0.63643 -0.51739 0.43600 0.37038
1413393231.305760384 2.48326 -0.85337 0.12848 0.63229 -0.52142 0.43265 0.37570
1413393231.405760527 2.52439 -0.93192 0.13030 0.62600 -0.52715 0.43606 0.37430
1413393231.505760431 2.56720 -1.01034 0.12374 0.61535 -0.53043 0.44786 0.37337
1413393231.555760384 2.58900 -1.04965 0.11742 0.60894 -0.52942 0.45655 0.37478
1413393231.605760574 2.60963 -1.08713 0.10933 0.60284 -0.52836 0.46451 0.37637
1413393231.705760479 2.64646 -1.15596 0.09053 0.59533 -0.52885 0.47121 0.37928
1413393231.855760574 2.69084 -1.24809 0.06465 0.58945 -0.54251 0.46487 0.37698
1413393231.955760479 2.71339 -1.30601 0.05167 0.58385 -0.55884 0.45666 0.37187
1413393232.055760384 2.72803 -1.36056 0.04390 0.57639 -0.57338 0.44687 0.37324
1413393232.105760574 2.73189 -1.38670 0.04215 -0.57245 0.57937 -0.44108 -0.37693
1413393232.155760527 2.73422 -1.41307 0.04059 -0.56801 0.58531 -0.43489 -0.38164
1413393232.205760479 2.73481 -1.43958 0.03919 -0.56342 0.58943 -0.42830 -0.38947
1413393232.255760431 2.73418 -1.46611 0.03667 -0.55814 0.59428 -0.42230 -0.39620
1413393232.305760384 2.73221 -1.49241 0.03270 -0.55220 0.59937 -0.41663 -0.40280
1413393232.355760574 2.72895 -1.51853 0.02733 -0.54491 0.60607 -0.41195 -0.40749
1413393232.405760527 2.72433 -1.54373 0.02062 -0.53893 0.61286 -0.40606 -0.41117
1413393232.455760479 2.71879 -1.56955 0.01171 -0.53257 0.61938 -0.40046 -0.41518
1413393232.505760431 2.71226 -1.59537 0.00090 -0.52647 0.62592 -0.39524 -0.41813
1413393232.555760384 2.70477 -1.62113 -0.01085 -0.52093 0.63112 -0.39116 -0.42110
1413393232.655760527 2.68764 -1.67364 -0.03836 -0.51244 0.63866 -0.38535 -0.42546
1413393232.755760431 2.66620 -1.72637 -0.06369 -0.50734 0.64242 -0.38097 -0.42984
1413393232.855760574 2.64021 -1.78038 -0.08631 -0.50441 0.64462 -0.37778 -0.43280
1413393232.955760479 2.61043 -1.83521 -0.10557 -0.50604 0.64478 -0.37205 -0.43562
1413393233.055760384 2.57776 -1.89135 -0.11760 -0.51028 0.64286 -0.36575 -0.43882
1413393233.155760527 2.54394 -1.94785 -0.12144 -0.51335 0.64198 -0.36157 -0.44000
1413393233.255760431 2.50981 -2.00620 -0.11616 -0.51231 0.63956 -0.36012 -0.44589
1413393233.305760384 2.49323 -2.03406 -0.10909 -0.50964 0.63871 -0.35966 -0.45051
1413393233.355760574 2.47629 -2.06287 -0.10035 -0.50552 0.63776 -0.35967 -0.45645
1413393233.405760527 2.45975 -2.09126 -0.09030 -0.49931 0.63823 -0.36004 -0.46230
1413393233.455760479 2.44348 -2.11939 -0.07866 -0.49210 0.64017 -0.36067 -0.46684
1413393233.505760431 2.42717 -2.14723 -0.06445 -0.48642 0.64227 -0.35780 -0.47208
1413393233.555760384 2.41076 -2.17477 -0.04958 -0.47958 0.64665 -0.35499 -0.47522
1413393233.605760574 2.39429 -2.20202 -0.03389 -0.47475 0.65161 -0.34792 -0.47850
1413393233.655760527 2.37860 -2.22801 -0.01701 -0.47003 0.65800 -0.33937 -0.48055
1413393233.705760479 2.36343 -2.25400 0.00150 -0.46475 0.66539 -0.33048 -0.48172
1413393233.755760431 2.34873 -2.28021 0.02320 -0.45888 0.66938 -0.32224 -0.48736
1413393233.805760384 2.33519 -2.30547 0.04611 -0.45102 0.67315 -0.31823 -0.49212
1413393233.855760574 2.32265 -2.33036 0.06942 -0.44408 0.67479 -0.31509 -0.49816
1413393233.905760527 2.31112 -2.35498 0.09233 0.43593 -0.67698 0.31507 0.50239
1413393233.955760479 2.30030 -2.37831 0.11491 0.42817 -0.67914 0.31307 0.50738
1413393234.005760431 2.29021 -2.40101 0.13685 0.41945 -0.68414 0.31189 0.50867
1413393234.105760574 2.27092 -2.44402 0.18018 0.40282 -0.69634 0.30709 0.50848
1413393234.205760479 2.25185 -2.48453 0.21725 0.38894 -0.70720 0.30088 0.50799
1413393234.305760384 2.23179 -2.52178 0.24653 0.36370 -0.71029 0.31072 0.51640
1413393234.355760574 2.22088 -2.53874 0.25919 0.34805 -0.71100 0.31961 0.52075
1413393234.405760527 2.20956 -2.55243 0.26992 0.33309 -0.71171 0.32612 0.52552
1413393234.505760431 2.18495 -2.57085 0.28560 0.31022 -0.71478 0.33008 0.53282
1413393234.555760384 2.17163 -2.57228 0.29259 0.30258 -0.71632 0.32541 0.53799
1413393234.605760574 2.15748 -2.56898 0.30072 0.30045 -0.71688 0.31227 0.54617
1413393234.655760527 2.14244 -2.56161 0.31190 0.30333 -0.71779 0.29143 0.55482
1413393234.705760479 2.12896 -2.54964 0.32801 0.30765 -0.71942 0.26790 0.56215
1413393234.755760431 2.11713 -2.53485 0.34839 0.30981 -0.72371 0.24723 0.56493
1413393234.805760384 2.10654 -2.51872 0.36980 0.31157 -0.72949 0.22682 0.56509
1413393234.855760574 2.09763 -2.50183 0.38860 0.30902 -0.73737 0.21230 0.56188
1413393234.905760527 2.08992 -2.48481 0.40357 0.30151 -0.74494 0.20435 0.55893
1413393234.955760479 2.08318 -2.46825 0.41348 0.29200 -0.75169 0.19925 0.55677
1413393235.005760431 2.07694 -2.45210 0.41795 0.27948 -0.75866 0.19792 0.55421
1413393235.055760384 2.07093 -2.43621 0.41723 0.26563 -0.76470 0.19777 0.55277
1413393235.105760574 2.06472 -2.42072 0.41152 0.25192 -0.77005 0.19653 0.55220
1413393235.155760527 2.05878 -2.40539 0.40154 0.23965 -0.77514 0.19274 0.55188
1413393235.205760479 2.05243 -2.39020 0.38919 0.23059 -0.77833 0.18436 0.55411
1413393235.255760431 2.04615 -2.37520 0.37580 0.22463 -0.78193 0.17205 0.55546
1413393235.305760384 2.03949 -2.36077 0.36302 0.22055 -0.78497 0.15799 0.55697
1413393235.355760574 2.03285 -2.34737 0.35083 0.21722 -0.78845 0.14550 0.55678
1413393235.405760527 2.02616 -2.33504 0.33978 0.21507 -0.79206 0.13453 0.55523
1413393235.455760479 2.01942 -2.32388 0.32994 0.21307 -0.79508 0.12562 0.55378
1413393235.505760431 2.01261 -2.31429 0.32109 0.21238 -0.79799 0.11728 0.55169
1413393235.555760384 2.00527 -2.30645 0.31432 0.21339 -0.79699 0.10703 0.55482
1413393235.605760574 1.99792 -2.30075 0.30819 0.21525 -0.79435 0.09586 0.55989
1413393235.655760527 1.99069 -2.29766 0.30226 0.21439 -0.79219 0.08774 0.56461
1413393235.755760431 1.97825 -2.30242 0.29219 0.20902 -0.78869 0.08232 0.57228
1413393235.855760574 1.96981 -2.31873 0.28428 0.19545 -0.78856 0.09527 0.57524
1413393235.955760479 1.96487 -2.34129 0.27820 0.17383 -0.79021 0.11705 0.57589
1413393236.055760384 1.96195 -2.36452 0.27610 0.15318 -0.79088 0.12833 0.57843
1413393236.155760527 1.95905 -2.38394 0.27816 0.13367 -0.79347 0.12870 0.57964
1413393236.205760479 1.95908 -2.39079 0.28037 0.12668 -0.79598 0.12100 0.57941
1413393236.255760431 1.95984 -2.39684 0.28472 0.12184 -0.79850 0.10983 0.57921
1413393236.305760384 1.96148 -2.40218 0.28874 0.11753 -0.80078 0.09584 0.57945
1413393236.355760574 1.96257 -2.40763 0.29365 0.11100 -0.80275 0.08392 0.57986
1413393236.405760527 1.96335 -2.41377 0.29899 0.10284 -0.80522 0.07562 0.57908
1413393236.455760479 1.96383 -2.42027 0.30467 0.09351 -0.80704 0.06878 0.57897
1413393236.505760431 1.96403 -2.42711 0.30970 0.08322 -0.81063 0.06310 0.57617
1413393236.555760384 1.96374 -2.43394 0.31507 0.07338 -0.81482 0.05695 0.57222
1413393236.605760574 1.96242 -2.44047 0.31999 0.06353 -0.82042 0.05122 0.56591
1413393236.655760527 1.95943 -2.44722 0.32363 0.05381 -0.82514 0.04657 0.56043
1413393236.755760431 1.95277 -2.45972 0.32382 0.03447 -0.82862 0.04378 0.55703
1413393236.855760574 1.94094 -2.47073 0.31637 0.01546 -0.82680 0.04476 0.56050
1413393236.955760479 1.92313 -2.47822 0.31416 0.00676 -0.82239 0.03945 0.56752
1413393237.055760384 1.90183 -2.48193 0.32650 0.00799 -0.81714 0.02879 0.57567
1413393237.155760527 1.87838 -2.48520 0.34946 0.01636 -0.81232 0.01361 0.58282
1413393237.255760431 1.85460 -2.48947 0.36683 0.02602 -0.80893 0.00065 0.58733
1413393237.505760431 1.79937 -2.51932 0.35795 0.03161 -0.80763 0.00313 0.58884
1413393237.605760574 1.77616 -2.54114 0.34767 0.02328 -0.80788 0.02143 0.58850
1413393237.705760479 1.75448 -2.56317 0.33812 0.01599 -0.80995 0.03792 0.58506
1413393237.855760574 1.72625 -2.58892 0.32663 0.01554 -0.81336 0.04623 0.57971
1413393238.005760431 1.69649 -2.60470 0.31829 0.02588 -0.81921 0.03451 0.57186
1413393238.155760527 1.66137 -2.61776 0.31082 0.03663 -0.82401 0.01678 0.56514
1413393238.455760479 1.56694 -2.65877 0.34153 0.03064 -0.82425 0.00841 0.56534
1413393238.555760384 1.52991 -2.67864 0.36364 0.01699 -0.82125 0.02231 0.56988
1413393238.655760527 1.48949 -2.69834 0.37665 0.00196 -0.81793 0.03893 0.57400
1413393238.755760431 1.44798 -2.71297 0.37920 -0.00795 -0.81597 0.04958 0.57591
1413393238.955760479 1.35570 -2.72390 0.37331 -0.00097 -0.81498 0.03474 0.57845
1413393239.055760384 1.30975 -2.72181 0.37732 0.00952 -0.81485 0.01715 0.57934
1413393239.155760527 1.26431 -2.71933 0.38082 0.01602 -0.81456 0.00566 0.57982
1413393239.355760574 1.17345 -2.72075 0.38599 0.02126 -0.81546 -0.00363 0.57841
1413393239.555760384 1.08265 -2.73686 0.39836 0.02045 -0.81649 -0.00364 0.57699
1413393239.655760527 1.03236 -2.75125 0.40868 0.01375 -0.81707 0.00819 0.57632
1413393239.755760431 0.97999 -2.76714 0.41860 0.00081 -0.81704 0.02790 0.57591
1413393239.955760479 0.87140 -2.79085 0.43865 -0.00201 -0.81905 0.03282 0.57278
1413393240.055760384 0.81634 -2.79102 0.44601 0.00536 -0.81754 0.02346 0.57537
1413393240.155760527 0.76516 -2.79192 0.46213 0.01563 -0.81478 0.01011 0.57947
1413393240.305760384 0.68328 -2.79705 0.46808 0.02199 -0.81420 0.00431 0.58016
1413393240.455760479 0.60095 -2.80854 0.45279 0.01543 -0.81366 0.01547 0.58094
1413393240.555760384 0.54682 -2.81522 0.43600 0.00823 -0.81324 0.02588 0.58129
1413393240.755760431 0.43414 -2.82605 0.42768 0.00494 -0.81244 0.02500 0.58248
1413393240.855760574 0.37417 -2.82227 0.44904 0.00871 -0.80905 0.01528 0.58748
1413393240.955760479 0.31623 -2.82491 0.45797 0.00899 -0.80355 0.00911 0.59510
1413393241.055760384 0.26872 -2.81792 0.45294 0.00728 -0.79877 0.00679 0.60155
1413393241.205760479 0.19454 -2.82657 0.41394 -0.00589 -0.79908 0.01863 0.60091
1413393241.305760384 0.15968 -2.81873 0.38351 -0.01377 -0.80275 0.02537 0.59561
1413393241.355760574 0.13388 -2.82668 0.37364 -0.01504 -0.80800 0.02491 0.58846
1413393241.455760479 0.09665 -2.82022 0.35161 -0.01578 -0.81439 0.02155 0.57970
1413393241.605760574 0.03399 -2.80419 0.31888 -0.00697 -0.81309 0.00605 0.58206
1413393241.755760431 -0.02779 -2.78879 0.29238 0.00078 -0.81009 -0.00461 0.58629
1413393242.005760431 -0.12499 -2.77842 0.26089 0.00849 -0.80625 -0.00752 0.59146
1413393242.105760574 -0.16037 -2.78045 0.25239 0.01151 -0.80081 -0.00615 0.59877
1413393242.205760479 -0.19058 -2.78692 0.24634 0.01004 -0.79343 0.00042 0.60857
1413393242.405760527 -0.22626 -2.80716 0.23999 0.00377 -0.79431 0.01441 0.60733
1413393242.455760479 -0.22605 -2.81300 0.24120 -0.00015 -0.79942 0.02057 0.60042
1413393242.505760431 -0.22634 -2.81796 0.24139 -0.00451 -0.80555 0.02737 0.59188
1413393242.555760384 -0.22691 -2.82194 0.24118 -0.00746 -0.81095 0.03250 0.58416
1413393242.655760527 -0.23175 -2.82594 0.24267 -0.01042 -0.81794 0.03773 0.57396
1413393242.905760527 -0.25614 -2.80928 0.25886 0.00306 -0.81625 0.03919 0.57636
1413393243.005760431 -0.26950 -2.79486 0.26901 0.02390 -0.81819 0.03301 0.57350
1413393243.105760574 -0.28561 -2.78092 0.27906 0.04629 -0.81989 0.03524 0.56956
1413393243.155760527 -0.29379 -2.77465 0.28469 0.05698 -0.81928 0.04026 0.56914
1413393243.205760479 -0.30297 -2.76914 0.29102 0.06810 -0.81608 0.04678 0.57200
1413393243.255760431 -0.31291 -2.76377 0.29814 0.07705 -0.81082 0.05256 0.57781
1413393243.305760384 -0.32312 -2.75855 0.30385 0.08540 -0.80532 0.05795 0.58379
1413393243.355760574 -0.33357 -2.75330 0.30680 0.09159 -0.80114 0.06391 0.58797
1413393243.455760479 -0.35320 -2.74360 0.30630 0.10123 -0.79448 0.07237 0.59440
1413393243.555760384 -0.36988 -2.73435 0.29614 0.10771 -0.79111 0.07917 0.59689
1413393243.755760431 -0.38855 -2.71718 0.26591 0.11692 -0.79330 0.08331 0.59166
1413393244.255760431 -0.37067 -2.69590 0.25189 0.13033 -0.79518 0.08546 0.58600
1413393244.355760574 -0.35690 -2.69979 0.25391 0.14279 -0.79443 0.09291 0.58297
1413393244.455760479 -0.34167 -2.70624 0.25233 0.15178 -0.79075 0.10344 0.58393
1413393244.555760384 -0.32426 -2.71263 0.23369 0.15703 -0.78832 0.11422 0.58382
1413393244.655760527 -0.30200 -2.72011 0.21898 0.16089 -0.78831 0.12277 0.58104
1413393244.755760431 -0.27655 -2.72573 0.20596 0.16200 -0.78825 0.13036 0.57916
1413393244.855760574 -0.24756 -2.72885 0.20309 0.15969 -0.78943 0.13878 0.57623
1413393245.105760574 -0.18959 -2.72394 0.24732 0.16302 -0.79553 0.13319 0.56817
1413393245.205760479 -0.16927 -2.71737 0.25958 0.16429 -0.80155 0.12875 0.56031
1413393245.405760527 -0.12888 -2.70376 0.24456 0.16879 -0.80194 0.11999 0.56037
1413393245.605760574 -0.09342 -2.69446 0.20332 0.17198 -0.79490 0.11245 0.57088
1413393245.805760384 -0.05674 -2.69417 0.16656 0.17047 -0.79395 0.10493 0.57409
1413393245.955760479 -0.02715 -2.70027 0.14693 0.15951 -0.79862 0.11117 0.56957
1413393246.055760384 -0.00602 -2.70445 0.13679 0.14846 -0.80467 0.12187 0.56180
1413393246.155760527 0.00848 -2.70867 0.12712 0.14034 -0.80974 0.13037 0.55464
1413393246.305760384 0.02497 -2.70897 0.11504 0.15451 -0.80349 0.13257 0.55942
1413393246.405760527 0.03161 -2.70745 0.10866 0.17370 -0.79423 0.13086 0.56736
1413393246.505760431 0.03833 -2.70566 0.10330 0.18747 -0.78562 0.13356 0.57430
1413393246.605760574 0.04532 -2.70392 0.09661 0.19765 -0.78151 0.13589 0.57595
1413393246.755760431 0.06137 -2.70173 0.08659 0.20557 -0.78202 0.13808 0.57194
1413393246.955760479 0.08855 -2.70393 0.06724 0.21081 -0.77826 0.14127 0.57439
1413393247.105760574 0.11529 -2.71049 0.04323 0.21435 -0.77727 0.14429 0.57366
1413393247.205760479 0.13631 -2.71729 0.02329 0.21532 -0.77971 0.14879 0.56882
1413393247.255760431 0.14751 -2.72096 0.01251 0.21541 -0.78341 0.15123 0.56303
1413393247.305760384 0.15856 -2.72486 0.00091 0.21554 -0.78811 0.15344 0.55577
1413393247.355760574 0.16890 -2.72916 -0.01114 0.21595 -0.79318 0.15487 0.54794
1413393247.405760527 0.17818 -2.73391 -0.02247 0.21527 -0.79706 0.15777 0.54173
1413393247.455760479 0.18583 -2.73903 -0.03354 0.21577 -0.80000 0.15979 0.53657
1413393247.505760431 0.19193 -2.74428 -0.04443 0.21402 -0.80225 0.16380 0.53269
1413393247.605760574 0.19767 -2.75446 -0.06554 0.21281 -0.80510 0.17009 0.52688
1413393247.705760479 0.19497 -2.76422 -0.08541 0.21308 -0.80489 0.17491 0.52550
1413393247.855760574 0.17485 -2.77723 -0.11649 0.21165 -0.80234 0.18684 0.52587
1413393247.905760527 0.16372 -2.78094 -0.12358 0.20957 -0.79646 0.19357 0.53316
1413393247.955760479 0.15026 -2.78366 -0.12862 0.21067 -0.78775 0.19527 0.54492
1413393248.005760431 0.13571 -2.78494 -0.13448 0.21189 -0.77978 0.19558 0.55569
1413393248.055760384 0.12167 -2.78408 -0.14032 0.21447 -0.77281 0.19486 0.56463
1413393248.105760574 0.10791 -2.78146 -0.14641 0.21744 -0.76848 0.19221 0.57028
1413393248.205760479 0.08212 -2.77117 -0.16091 0.22245 -0.76466 0.18722 0.57511
1413393248.305760384 0.05927 -2.75515 -0.17150 0.22676 -0.76927 0.17927 0.56979
1413393248.405760527 0.04034 -2.73500 -0.17907 0.22680 -0.76963 0.17545 0.57048
1413393248.505760431 0.02593 -2.71240 -0.18229 0.22269 -0.76405 0.17720 0.57899
1413393248.555760384 0.01887 -2.70055 -0.17732 0.21969 -0.76156 0.17778 0.58324
1413393248.605760574 0.01240 -2.68900 -0.16733 0.21746 -0.75918 0.17804 0.58708
1413393248.705760479 0.00706 -2.66241 -0.15276 0.21451 -0.75977 0.17539 0.58820
1413393248.805760384 0.00813 -2.63600 -0.12880 0.21423 -0.76640 0.16764 0.58192
1413393248.855760574 0.01215 -2.63534 -0.09660 0.21415 -0.77251 0.16068 0.57580
1413393248.905760527 0.01121 -2.63502 -0.07390 0.21358 -0.78089 0.15466 0.56627
1413393248.955760479 0.01555 -2.62180 -0.06493 0.21344 -0.78817 0.14962 0.55754
1413393249.005760431 0.01833 -2.60968 -0.05971 0.21280 -0.79391 0.14598 0.55056
1413393249.105760574 0.02116 -2.58523 -0.05733 0.21033 -0.79968 0.14139 0.54432
1413393249.205760479 0.02062 -2.56300 -0.06163 0.20664 -0.79903 0.13992 0.54706
1413393249.305760384 0.01714 -2.54313 -0.06598 0.20365 -0.79626 0.13868 0.55250
1413393249.405760527 0.01188 -2.52659 -0.06843 0.20462 -0.79357 0.13520 0.55686
1413393249.505760431 0.00622 -2.51404 -0.07018 0.21102 -0.79049 0.12733 0.56070
1413393249.605760574 0.00104 -2.50633 -0.07516 0.22165 -0.78680 0.11589 0.56426
1413393249.805760384 -0.00228 -2.50859 -0.10186 0.22198 -0.78184 0.12764 0.56847
1413393249.905760527 0.00112 -2.51745 -0.11886 0.21884 -0.78027 0.13628 0.56984
1413393250.005760431 0.00820 -2.53088 -0.12972 0.21739 -0.78281 0.14013 0.56597
1413393250.105760574 0.01385 -2.54646 -0.15168 0.21766 -0.78821 0.13873 0.55866
1413393250.205760479 0.02079 -2.56637 -0.16607 0.21508 -0.79146 0.13851 0.55511
1413393250.405760527 0.03170 -2.61618 -0.19079 0.20416 -0.78686 0.14117 0.56501
1413393250.505760431 0.03784 -2.64465 -0.20065 0.19458 -0.78164 0.15112 0.57302
1413393250.605760574 0.04562 -2.67105 -0.21003 0.18584 -0.77728 0.16287 0.57859
1413393250.705760479 0.05586 -2.69325 -0.21906 0.18413 -0.77858 0.16518 0.57673
1413393250.805760384 0.06796 -2.71105 -0.22646 0.18526 -0.78449 0.16547 0.56822
1413393250.905760527 0.07984 -2.72493 -0.23269 0.18842 -0.79076 0.16232 0.55933
1413393251.005760431 0.08943 -2.73516 -0.23595 0.18903 -0.79644 0.15492 0.55313
1413393251.105760574 0.09518 -2.74296 -0.23574 0.18202 -0.79883 0.14479 0.55477
1413393251.155760527 0.09625 -2.74614 -0.23423 0.17502 -0.79901 0.13907 0.55822
1413393251.205760479 0.09680 -2.74868 -0.23254 0.16503 -0.79923 0.13264 0.56250
1413393251.255760431 0.09711 -2.75042 -0.22974 0.15376 -0.79927 0.12467 0.56744
1413393251.305760384 0.09678 -2.75189 -0.22760 0.14181 -0.79961 0.11595 0.57190
1413393251.355760574 0.09610 -2.75278 -0.22403 0.12817 -0.79916 0.10685 0.57749
1413393251.405760527 0.09641 -2.75312 -0.21990 0.11466 -0.79905 0.09731 0.58215
1413393251.455760479 0.09767 -2.75287 -0.21588 0.10056 -0.79798 0.08851 0.58761
1413393251.505760431 0.09907 -2.75202 -0.21138 0.08649 -0.79674 0.07956 0.59279
1413393251.555760384 0.10071 -2.75090 -0.20575 0.07379 -0.79525 0.06972 0.59773
1413393251.605760574 0.10324 -2.74946 -0.19966 0.06102 -0.79379 0.06130 0.60201
1413393251.655760527 0.10826 -2.74832 -0.19358 0.04851 -0.79210 0.05281 0.60616
1413393251.705760479 0.11455 -2.74642 -0.18664 0.03652 -0.79080 0.04406 0.60939
1413393251.755760431 0.11860 -2.74299 -0.17909 0.02502 -0.79056 0.03518 0.61086
1413393251.805760384 0.12540 -2.73986 -0.17257 0.01366 -0.79196 0.02593 0.60987
1413393251.855760574 0.14774 -2.74318 -0.16957 0.00237 -0.79550 0.01749 0.60569
1413393251.905760527 0.15531 -2.73666 -0.15690 -0.00836 -0.80108 0.00877 0.59843
1413393251.955760479 0.16692 -2.73245 -0.15174 -0.01821 -0.80653 -0.00139 0.59092
1413393252.005760431 0.17374 -2.73006 -0.14880 -0.02673 -0.81040 -0.01265 0.58513
1413393252.055760384 0.18555 -2.72766 -0.14180 -0.03562 -0.81364 -0.02246 0.57984
1413393252.105760574 0.19566 -2.72495 -0.13355 -0.04599 -0.81499 -0.02983 0.57687
1413393252.155760527 0.20326 -2.71977 -0.12968 -0.05614 -0.81490 -0.03644 0.57573
1413393252.205760479 0.21458 -2.72018 -0.11989 -0.06672 -0.81453 -0.04201 0.57474
1413393252.255760431 0.22456 -2.72126 -0.10824 -0.07701 -0.81299 -0.04905 0.57507
1413393252.305760384 0.23360 -2.72034 -0.09894 -0.08659 -0.81113 -0.05574 0.57573
1413393252.355760574 0.24485 -2.71963 -0.08968 -0.09650 -0.80948 -0.06188 0.57584
1413393252.405760527 0.24637 -2.72489 -0.08570 -0.10797 -0.80826 -0.06719 0.57493
1413393252.455760479 0.25899 -2.71921 -0.07253 -0.11907 -0.80874 -0.07077 0.57162
1413393252.555760384 0.27458 -2.71791 -0.06251 -0.13633 -0.80734 -0.07554 0.56913
1413393252.655760527 0.28704 -2.71495 -0.06024 -0.14568 -0.80527 -0.08175 0.56889
1413393252.755760431 0.29607 -2.71044 -0.06505 -0.15274 -0.80311 -0.09152 0.56860
1413393252.855760574 0.30421 -2.70416 -0.06832 -0.15861 -0.79981 -0.10532 0.56926
1413393252.955760479 0.31031 -2.69862 -0.06909 -0.16339 -0.79615 -0.11823 0.57050
1413393253.055760384 0.31470 -2.69531 -0.06680 -0.16616 -0.79577 -0.12904 0.56788
1413393253.155760527 0.31665 -2.69534 -0.06268 -0.17091 -0.79990 -0.13249 0.55982
1413393253.255760431 0.31343 -2.69828 -0.05915 -0.17874 -0.80575 -0.12813 0.54991
1413393253.555760384 0.26969 -2.70522 -0.04011 -0.18956 -0.80560 -0.11846 0.54867
1413393253.655760527 0.24398 -2.70489 -0.02700 -0.18725 -0.80030 -0.11974 0.55688
1413393253.755760431 0.21395 -2.70115 -0.01330 -0.18337 -0.79674 -0.12184 0.56280
1413393253.905760527 0.16690 -2.69413 0.01052 -0.18683 -0.79373 -0.12449 0.56532
1413393254.055760384 0.11985 -2.68291 0.04453 -0.20127 -0.78973 -0.13114 0.56447
1413393254.155760527 0.08105 -2.68690 0.06380 -0.21504 -0.78506 -0.13878 0.56408
1413393254.205760479 0.06913 -2.67434 0.06970 -0.22283 -0.78256 -0.14402 0.56321
1413393254.305760384 0.04198 -2.66586 0.09758 -0.23529 -0.77805 -0.15628 0.56112
1413393254.405760527 0.00872 -2.66096 0.12456 -0.24093 -0.77815 -0.17224 0.55387
1413393254.505760431 -0.02444 -2.65576 0.15017 -0.24595 -0.78159 -0.18410 0.54289
1413393254.705760479 -0.10352 -2.64986 0.20082 -0.25870 -0.77872 -0.18396 0.54114
1413393254.805760384 -0.14857 -2.64841 0.22689 -0.26099 -0.77152 -0.18257 0.55073
1413393254.905760527 -0.19484 -2.64752 0.25037 -0.26087 -0.76683 -0.18096 0.55782
1413393255.005760431 -0.23984 -2.64744 0.27097 -0.25960 -0.76540 -0.17918 0.56095
1413393255.105760574 -0.28270 -2.64802 0.28992 -0.26054 -0.76346 -0.17450 0.56462
1413393255.205760479 -0.32245 -2.64855 0.30602 -0.26387 -0.76156 -0.16627 0.56812
1413393255.355760574 -0.37591 -2.64602 0.32521 -0.26691 -0.76077 -0.15812 0.57008
1413393255.755760431 -0.47593 -2.60632 0.35966 -0.27265 -0.76327 -0.16529 0.56192
1413393255.855760574 -0.49451 -2.58945 0.36371 -0.27514 -0.76726 -0.16987 0.55386
1413393255.955760479 -0.51028 -2.57079 0.36576 -0.27301 -0.77200 -0.17914 0.54533
1413393256.105760574 -0.53718 -2.54042 0.36528 -0.27050 -0.77394 -0.19016 0.54008
1413393256.405760527 -0.61055 -2.48144 0.35473 -0.27861 -0.77351 -0.18445 0.53854
1413393256.605760574 -0.67547 -2.43316 0.36774 -0.28072 -0.77406 -0.17532 0.53970
1413393256.755760431 -0.73062 -2.39007 0.38156 -0.26878 -0.77617 -0.18364 0.54000
1413393256.955760479 -0.80999 -2.33467 0.36787 -0.26178 -0.77619 -0.18183 0.54400
1413393257.105760574 -0.87238 -2.29548 0.34662 -0.26225 -0.77423 -0.17505 0.54878
1413393257.305760384 -0.95794 -2.24284 0.31968 -0.26417 -0.77295 -0.17118 0.55088
1413393257.505760431 -1.04661 -2.18545 0.29528 -0.26639 -0.77213 -0.17109 0.55099
1413393257.655760527 -1.11254 -2.13921 0.27579 -0.27011 -0.76953 -0.17205 0.55251
1413393257.805760384 -1.17820 -2.09008 0.25455 -0.27171 -0.76882 -0.17723 0.55107
1413393257.905760527 -1.22374 -2.05561 0.24141 -0.26906 -0.77011 -0.18580 0.54773
1413393258.055760384 -1.29513 -2.00653 0.22776 -0.26630 -0.77012 -0.19418 0.54616
1413393258.255760431 -1.39142 -1.94769 0.21760 -0.25924 -0.76983 -0.18940 0.55162
1413393258.305760384 -1.41716 -1.93407 0.21590 -0.25337 -0.76809 -0.18786 0.55727
1413393258.355760574 -1.44435 -1.92084 0.21523 -0.24646 -0.76534 -0.18540 0.56493
1413393258.405760527 -1.47098 -1.90886 0.21466 -0.24009 -0.76424 -0.18000 0.57088
1413393258.455760479 -1.49622 -1.89821 0.21363 -0.23326 -0.76467 -0.17325 0.57519
1413393258.505760431 -1.52047 -1.88906 0.21217 -0.22694 -0.76491 -0.16326 0.58031
1413393258.555760384 -1.54460 -1.88076 0.21120 -0.21825 -0.76599 -0.15346 0.58487
1413393258.605760574 -1.56738 -1.87367 0.21096 -0.20732 -0.76831 -0.14445 0.58808
1413393258.655760527 -1.58836 -1.86682 0.21090 -0.19578 -0.77265 -0.13539 0.58852
1413393258.705760479 -1.60803 -1.86192 0.21061 -0.18335 -0.77855 -0.12574 0.58688
1413393258.755760431 -1.62637 -1.85778 0.21054 -0.17178 -0.78462 -0.11573 0.58436
1413393258.805760384 -1.64403 -1.85413 0.21070 -0.16053 -0.78984 -0.10429 0.58268
1413393258.855760574 -1.65727 -1.84455 0.21195 -0.14902 -0.79419 -0.09214 0.58186
1413393258.905760527 -1.67827 -1.84715 0.21130 -0.13624 -0.79869 -0.08259 0.58027
1413393258.955760479 -1.69497 -1.84412 0.21261 -0.12241 -0.80316 -0.07379 0.57836
1413393259.005760431 -1.71199 -1.84251 0.21145 -0.10838 -0.80658 -0.06488 0.57748
1413393259.055760384 -1.72854 -1.83753 0.20988 -0.09472 -0.80925 -0.05607 0.57706
1413393259.105760574 -1.74715 -1.83648 0.21679 -0.08103 -0.81168 -0.04583 0.57663
1413393259.155760527 -1.76433 -1.83488 0.22390 -0.06692 -0.81353 -0.03689 0.57648
1413393259.205760479 -1.78271 -1.83107 0.22000 -0.05377 -0.81451 -0.02738 0.57700
1413393259.255760431 -1.80062 -1.82806 0.22118 -0.03985 -0.81565 -0.01793 0.57690
1413393259.305760384 -1.82362 -1.82573 0.22909 -0.02667 -0.81658 -0.00766 0.57656
1413393259.355760574 -1.83728 -1.82199 0.22398 -0.01368 -0.81762 0.00190 0.57560
1413393259.405760527 -1.85590 -1.82088 0.22549 -0.00006 -0.81776 0.01206 0.57543
1413393259.455760479 -1.87516 -1.81427 0.22316 0.01300 -0.81737 0.02214 0.57554
1413393259.505760431 -1.89445 -1.81160 0.22736 0.02682 -0.81719 0.03119 0.57490
1413393259.555760384 -1.91458 -1.80820 0.22850 0.04132 -0.81679 0.04092 0.57400
1413393259.605760574 -1.93227 -1.80644 0.22642 0.05632 -0.81582 0.05016 0.57337
1413393259.655760527 -1.95571 -1.80064 0.23354 0.07089 -0.81518 0.06012 0.57171
1413393259.705760479 -1.97665 -1.79695 0.23706 0.08599 -0.81391 0.07042 0.57025
1413393259.755760431 -1.99793 -1.79301 0.24067 0.10030 -0.81247 0.08048 0.56865
1413393259.805760384 -2.01959 -1.78891 0.24482 0.11456 -0.81028 0.09002 0.56764
1413393259.855760574 -2.04419 -1.78529 0.25031 0.12825 -0.80791 0.09968 0.56648
1413393259.905760527 -2.06458 -1.78173 0.25468 0.14139 -0.80535 0.10869 0.56534
1413393259.955760479 -2.08778 -1.77788 0.25937 0.15419 -0.80293 0.11763 0.56364
1413393260.005760431 -2.10996 -1.77403 0.26380 0.16658 -0.80008 0.12677 0.56219
1413393260.055760384 -2.13460 -1.77017 0.26906 0.17852 -0.79764 0.13450 0.56019
1413393260.105760574 -2.15752 -1.76675 0.27431 0.18998 -0.79407 0.14364 0.55922
1413393260.155760527 -2.18153 -1.76318 0.27934 0.20144 -0.79097 0.15221 0.55733
1413393260.205760479 -2.20490 -1.75948 0.28408 0.21240 -0.78755 0.16052 0.55577
1413393260.255760431 -2.22878 -1.75574 0.28830 0.22398 -0.78392 0.16863 0.55396
1413393260.305760384 -2.25296 -1.75202 0.29220 0.23457 -0.77758 0.17721 0.55583
1413393260.355760574 -2.27562 -1.74801 0.29504 0.24511 -0.76850 0.18331 0.56189
1413393260.405760527 -2.29715 -1.74350 0.29610 0.25564 -0.75892 0.18637 0.56917
1413393260.455760479 -2.31743 -1.73857 0.29592 0.26554 -0.74798 0.18648 0.57900
1413393260.505760431 -2.33524 -1.73339 0.29398 0.27391 -0.73706 0.18534 0.58938
1413393260.555760384 -2.35044 -1.72757 0.29033 0.28176 -0.72788 0.18146 0.59822
1413393260.655760527 -2.37578 -1.71561 0.27967 0.29625 -0.71609 0.17273 0.60796
1413393260.755760431 -2.38356 -1.70566 0.26771 0.30887 -0.71752 0.16666 0.60165
1413393260.805760384 -2.38096 -1.70193 0.26141 0.31208 -0.72530 0.16583 0.59080
1413393260.855760574 -2.37396 -1.69991 0.25623 0.31082 -0.73457 0.17117 0.57836
1413393260.905760527 -2.36396 -1.69930 0.25243 0.30779 -0.74293 0.17789 0.56716
1413393260.955760479 -2.35172 -1.69987 0.24944 0.30365 -0.75091 0.18499 0.55651
1413393261.005760431 -2.33851 -1.70155 0.24749 0.29965 -0.75749 0.19083 0.54773
1413393261.055760384 -2.32509 -1.70411 0.24628 0.29621 -0.76292 0.19469 0.54066
1413393261.155760527 -2.29854 -1.71207 0.24448 0.29219 -0.77162 0.19655 0.52972
1413393261.305760384 -2.26377 -1.73186 0.24343 0.29105 -0.77462 0.19558 0.52630
1413393261.405760527 -2.24378 -1.75153 0.24570 0.29524 -0.76832 0.20114 0.53109
1413393261.455760479 -2.23420 -1.76295 0.24673 0.29978 -0.76457 0.20448 0.53268
1413393261.505760431 -2.22500 -1.77563 0.24781 0.30356 -0.76259 0.21173 0.53055
1413393261.555760384 -2.21680 -1.78936 0.24917 0.30667 -0.76103 0.22130 0.52707
1413393261.605760574 -2.20915 -1.80314 0.24965 0.30982 -0.76022 0.23260 0.52151
1413393261.655760527 -2.20216 -1.81683 0.25018 0.31541 -0.75906 0.24307 0.51504
1413393261.705760479 -2.19667 -1.83047 0.25134 0.32222 -0.75774 0.25320 0.50783
1413393261.755760431 -2.19300 -1.84428 0.25281 0.33030 -0.75548 0.26280 0.50108
1413393261.805760384 -2.19143 -1.85805 0.25438 -0.34025 0.75200 -0.27142 -0.49503
1413393261.855760574 -2.19206 -1.87132 0.25680 -0.35114 0.74627 -0.27857 -0.49212
1413393261.905760527 -2.19514 -1.88411 0.26022 -0.36220 0.73816 -0.28253 -0.49408
1413393261.955760479 -2.19997 -1.89648 0.26408 -0.37164 0.73038 -0.28702 -0.49603
1413393262.005760431 -2.20615 -1.90831 0.26804 -0.38059 0.72372 -0.28931 -0.49767
1413393262.055760384 -2.21302 -1.92010 0.27205 -0.38732 0.71778 -0.29209 -0.49945
1413393262.155760527 -2.22859 -1.94324 0.28048 0.39722 -0.70969 0.29655 0.50062
1413393262.255760431 -2.24613 -1.96533 0.29110 0.40351 -0.70556 0.29778 0.50070
1413393262.455760479 -2.28335 -2.00771 0.31152 -0.40983 0.70458 -0.29683 -0.49750
1413393262.705760479 -2.33145 -2.06437 0.30927 -0.41210 0.70389 -0.29548 -0.49740
1413393262.905760527 -2.36802 -2.11230 0.26996 -0.41254 0.70404 -0.29681 -0.49603
1413393263.055760384 -2.39642 -2.15274 0.24305 -0.41040 0.70638 -0.30170 -0.49150
1413393263.255760431 -2.43823 -2.20793 0.21828 -0.40780 0.70858 -0.30847 -0.48628
1413393263.505760431 -2.50290 -2.27493 0.19846 -0.40737 0.70759 -0.30795 -0.48840
1413393263.605760574 -2.53198 -2.30134 0.18136 -0.40693 0.70232 -0.30695 -0.49692
1413393263.705760479 -2.55986 -2.32631 0.15658 0.40509 -0.69421 0.30967 0.50801
1413393263.855760574 -2.59474 -2.35878 0.11207 0.41343 -0.68140 0.31629 0.51453
1413393263.955760479 -2.61201 -2.37605 0.08398 0.42355 -0.67287 0.32322 0.51321
1413393264.055760384 -2.62514 -2.38822 0.05780 0.43352 -0.66968 0.32927 0.50514
1413393264.155760527 -2.63522 -2.39621 0.03461 -0.44301 0.67301 -0.32932 -0.49228
1413393264.205760479 -2.64003 -2.39908 0.02312 -0.44694 0.67614 -0.32813 -0.48519
1413393264.305760384 -2.64893 -2.40451 0.00288 -0.45325 0.68107 -0.32293 -0.47584
1413393264.405760527 -2.65689 -2.41044 -0.01411 -0.45727 0.68476 -0.31608 -0.47128
1413393264.705760479 -2.67846 -2.45183 -0.04936 -0.44725 0.68703 -0.31974 -0.47511
1413393264.955760479 -2.69612 -2.50275 -0.07798 -0.45142 0.68284 -0.32089 -0.47642
1413393265.155760527 -2.70958 -2.54955 -0.10166 -0.45053 0.67580 -0.32235 -0.48622
1413393265.205760479 -2.71202 -2.56161 -0.10591 -0.44679 0.67084 -0.32648 -0.49372
1413393265.305760384 -2.71450 -2.58375 -0.11392 0.44032 -0.66292 0.33455 0.50470
1413393265.455760479 -2.71218 -2.60617 -0.12503 -0.43017 0.66963 -0.34626 -0.49664
1413393265.555760384 -2.70903 -2.61267 -0.13010 -0.43253 0.67697 -0.34561 -0.48496
1413393265.655760527 -2.70649 -2.61560 -0.13089 -0.44727 0.67334 -0.33793 -0.48204
1413393265.755760431 -2.70326 -2.61688 -0.12830 -0.46352 0.66540 -0.33622 -0.47890
1413393265.855760574 -2.69863 -2.61818 -0.12230 -0.47838 0.65639 -0.33956 -0.47434
1413393265.905760527 -2.69514 -2.61919 -0.11864 -0.48562 0.65189 -0.34299 -0.47071
1413393265.955760479 -2.69073 -2.61994 -0.11422 -0.49291 0.64748 -0.34713 -0.46616
1413393266.005760431 -2.68536 -2.62091 -0.10833 -0.50056 0.64194 -0.35302 -0.46122
1413393266.055760384 -2.67957 -2.62234 -0.10222 -0.50825 0.63700 -0.36022 -0.45404
1413393266.105760574 -2.67329 -2.62407 -0.09494 -0.51744 0.62932 -0.36704 -0.44888
1413393266.155760527 -2.66615 -2.62594 -0.08695 -0.52781 0.62040 -0.37463 -0.44292
1413393266.205760479 -2.65833 -2.62772 -0.07816 -0.53894 0.61107 -0.38310 -0.43517
1413393266.255760431 -2.64988 -2.62917 -0.06854 -0.55100 0.60070 -0.39172 -0.42675
1413393266.305760384 -2.64109 -2.63036 -0.05785 -0.56353 0.58885 -0.40203 -0.41721
1413393266.355760574 -2.63201 -2.63169 -0.04632 0.57774 -0.57528 0.41165 0.40719
1413393266.405760527 -2.62258 -2.63333 -0.03429 0.59166 -0.56097 0.42215 0.39630
1413393266.455760479 -2.61247 -2.63473 -0.02129 0.60734 -0.54471 0.43239 0.38401
1413393266.505760431 -2.60216 -2.63615 -0.00715 0.62191 -0.52772 0.44404 0.37089
1413393266.555760384 -2.59211 -2.63697 0.00708 0.63511 -0.50995 0.45644 0.35812
1413393266.605760574 -2.58227 -2.63761 0.02002 0.64577 -0.49105 0.47075 0.34676
1413393266.655760527 -2.57330 -2.63771 0.02972 0.65581 -0.47402 0.48280 0.33484
1413393266.705760479 -2.56534 -2.63694 0.03567 0.66447 -0.45858 0.49338 0.32366
1413393266.755760431 -2.55833 -2.63547 0.03822 0.67253 -0.44439 0.50249 0.31261
1413393266.805760384 -2.55202 -2.63356 0.03933 0.67959 -0.43144 0.51058 0.30221
1413393266.855760574 -2.54761 -2.63112 0.04172 0.68448 -0.41881 0.51836 0.29561
1413393266.905760527 -2.54479 -2.62876 0.04863 0.68888 -0.40745 0.52411 0.29110
1413393266.955760479 -2.54395 -2.62629 0.05746 0.69524 -0.40138 0.52423 0.28411
1413393267.055760384 -2.54623 -2.61850 0.09001 0.70516 -0.39516 0.52186 0.27249
1413393267.255760431 -2.56717 -2.59848 0.15979 0.71024 -0.39618 0.51893 0.26327
1413393267.455760479 -2.59943 -2.58334 0.18669 0.70797 -0.40262 0.51532 0.26668
1413393267.555760384 -2.62009 -2.57820 0.18091 0.70746 -0.40310 0.51116 0.27518
1413393267.655760527 -2.63927 -2.57320 0.16660 0.70749 -0.40356 0.50658 0.28279
1413393267.755760431 -2.65850 -2.56652 0.14430 0.70790 -0.40310 0.50266 0.28934
1413393267.905760527 -2.68428 -2.55524 0.10682 0.70946 -0.39979 0.49958 0.29540
1413393268.055760384 -2.70019 -2.54522 0.07716 0.70682 -0.40550 0.50441 0.28556
1413393268.205760479 -2.71424 -2.53713 0.05648 0.70673 -0.41075 0.50548 0.27624
1413393268.355760574 -2.72827 -2.53142 0.04224 0.71276 -0.40394 0.49768 0.28480
1413393268.505760431 -2.73734 -2.52678 0.03637 0.71861 -0.39883 0.48860 0.29292
1413393268.705760479 -2.73680 -2.52280 0.04650 0.71117 -0.40817 0.49548 0.28660
1413393269.005760431 -2.72533 -2.52790 0.07788 0.70529 -0.41393 0.49903 0.28671
1413393269.105760574 -2.72012 -2.53236 0.07861 0.70724 -0.40447 0.49608 0.30020
1413393269.255760431 -2.70652 -2.53389 0.08179 0.70940 -0.39235 0.50234 0.30078
1413393269.305760384 -2.70070 -2.53132 0.08449 0.70891 -0.38890 0.50917 0.29487
1413393269.355760574 -2.69401 -2.52841 0.08727 0.70731 -0.38438 0.51788 0.28943
1413393269.405760527 -2.68729 -2.52464 0.08962 0.70644 -0.38064 0.52562 0.28246
1413393269.455760479 -2.68108 -2.52050 0.08996 0.70655 -0.37727 0.53064 0.27725
1413393269.505760431 -2.67631 -2.51607 0.08673 0.70725 -0.37568 0.53399 0.27113
1413393269.605760574 -2.67032 -2.50520 0.07008 0.71153 -0.37433 0.53457 0.26046
1413393269.705760479 -2.67101 -2.49412 0.04161 0.71464 -0.37405 0.53425 0.25289
1413393269.805760384 -2.67439 -2.48452 0.00852 0.72057 -0.37392 0.52838 0.24854
1413393269.905760527 -2.67955 -2.47603 -0.02222 0.72671 -0.37073 0.52136 0.25027
1413393270.005760431 -2.68534 -2.46828 -0.05055 0.73269 -0.36593 0.51373 0.25562
1413393270.105760574 -2.69003 -2.46089 -0.07649 0.73516 -0.36522 0.51123 0.25456
1413393270.205760479 -2.69337 -2.45435 -0.10065 0.73639 -0.36561 0.51045 0.25199
1413393270.355760574 -2.69598 -2.44785 -0.13395 0.73640 -0.36611 0.51133 0.24944
1413393270.505760431 -2.69753 -2.44637 -0.16307 0.73094 -0.37587 0.51199 0.24963
1413393270.605760574 -2.70130 -2.44640 -0.17899 0.72683 -0.38434 0.50781 0.25715
1413393270.705760479 -2.70781 -2.44542 -0.19252 0.72309 -0.39231 0.50033 0.26999
1413393270.805760384 -2.70904 -2.45076 -0.19241 0.71856 -0.39849 0.49604 0.28074
1413393270.905760527 -2.70666 -2.45820 -0.17810 0.71653 -0.40229 0.49052 0.29005
1413393271.005760431 -2.69921 -2.46984 -0.16046 0.71486 -0.40299 0.48656 0.29972
1413393271.155760527 -2.68001 -2.48744 -0.14576 0.70967 -0.40741 0.48774 0.30412
1413393271.305760384 -2.65466 -2.50171 -0.15207 0.70557 -0.40510 0.48798 0.31612
1413393271.455760479 -2.62453 -2.50845 -0.16824 0.69628 -0.41380 0.48624 0.32792
1413393271.555760384 -2.60021 -2.50953 -0.17382 0.68470 -0.42867 0.48808 0.33046
1413393271.755760431 -2.54904 -2.49812 -0.17566 0.67204 -0.45592 0.47726 0.33574
1413393271.855760574 -2.52197 -2.48756 -0.17253 0.66747 -0.47161 0.46605 0.33893
1413393272.005760431 -2.48040 -2.47281 -0.16309 0.65764 -0.48313 0.45912 0.35114
1413393272.255760431 -2.40486 -2.44843 -0.13979 0.63979 -0.50086 0.45743 0.36135
1413393272.405760527 -2.36016 -2.42877 -0.12412 0.62387 -0.51899 0.45489 0.36676
1413393272.505760431 -2.33608 -2.41544 -0.11354 0.61551 -0.52821 0.44665 0.37768
1413393272.605760574 -2.31246 -2.40165 -0.10141 0.60792 -0.53693 0.43495 0.39109
1413393272.705760479 -2.28824 -2.38713 -0.08852 0.59970 -0.54745 0.42216 0.40303
1413393272.805760384 -2.26188 -2.37154 -0.07558 0.58923 -0.55923 0.41081 0.41389
1413393272.905760527 -2.23297 -2.35488 -0.06172 0.57679 -0.57109 0.40043 0.42523
1413393273.005760431 -2.20210 -2.33808 -0.04704 -0.56286 0.58522 -0.39136 -0.43307
1413393273.105760574 -2.16953 -2.32225 -0.03332 -0.54748 0.60345 -0.38166 -0.43641
1413393273.205760479 -2.13537 -2.30760 -0.01950 -0.53068 0.62121 -0.37099 -0.44140
1413393273.305760384 -2.10142 -2.29462 -0.00659 -0.51341 0.63967 -0.35760 -0.44648
1413393273.355760574 -2.08514 -2.28857 0.00015 -0.50479 0.64780 -0.35013 -0.45050
1413393273.405760527 -2.06882 -2.28322 0.00732 -0.49476 0.65441 -0.34460 -0.45630
1413393273.455760479 -2.05262 -2.27819 0.01390 -0.48689 0.66177 -0.33614 -0.46045
1413393273.505760431 -2.03652 -2.27372 0.02129 -0.47709 0.66714 -0.33007 -0.46730
1413393273.555760384 -2.02038 -2.26969 0.02933 -0.46683 0.67156 -0.32508 -0.47476
1413393273.605760574 -2.00421 -2.26622 0.03764 -0.45678 0.67552 -0.32088 -0.48173
1413393273.655760527 -1.98783 -2.26259 0.04624 -0.44609 0.67965 -0.31693 -0.48849
1413393273.705760479 -1.97165 -2.25912 0.05538 -0.43637 0.68362 -0.31209 -0.49482
1413393273.755760431 -1.95517 -2.25565 0.06458 -0.42745 0.68775 -0.30749 -0.49973
1413393273.805760384 -1.93882 -2.25188 0.07348 0.41804 -0.69291 0.30190 0.50396
1413393273.905760527 -1.90591 -2.24430 0.09030 0.39928 -0.70610 0.29261 0.50634
1413393273.955760479 -1.89010 -2.23971 0.09939 0.38984 -0.71276 0.28667 0.50776
1413393274.005760431 -1.87445 -2.23482 0.10871 0.38121 -0.71905 0.28081 0.50872
1413393274.105760574 -1.84400 -2.22685 0.12830 0.36330 -0.73034 0.26964 0.51177
1413393274.155760527 -1.82939 -2.22254 0.13861 0.35379 -0.73495 0.26455 0.51449
1413393274.205760479 -1.81530 -2.21842 0.14889 0.34445 -0.73935 0.26009 0.51679
1413393274.255760431 -1.80180 -2.21425 0.15933 0.33534 -0.74407 0.25460 0.51873
1413393274.305760384 -1.78957 -2.21007 0.16994 0.32646 -0.74784 0.24908 0.52165
1413393274.355760574 -1.77804 -2.20569 0.18070 0.31843 -0.75150 0.24353 0.52396
1413393274.405760527 -1.76723 -2.20092 0.19138 0.31001 -0.75509 0.23696 0.52686
1413393274.455760479 -1.75719 -2.19591 0.20075 0.30114 -0.75841 0.23099 0.52987
1413393274.505760431 -1.74733 -2.19034 0.20801 0.29213 -0.76125 0.22513 0.53336
1413393274.555760384 -1.73802 -2.18457 0.21272 0.28265 -0.76512 0.21940 0.53532
1413393274.605760574 -1.72885 -2.17840 0.21565 0.27329 -0.76815 0.21317 0.53835
1413393274.655760527 -1.72028 -2.17222 0.21617 0.26421 -0.77169 0.20667 0.54035
1413393274.705760479 -1.71289 -2.16612 0.21479 0.25526 -0.77453 0.19991 0.54312
1413393274.755760431 -1.70691 -2.15996 0.21137 0.24740 -0.77601 0.19223 0.54741
1413393274.805760384 -1.70180 -2.15376 0.20735 0.23963 -0.77635 0.18466 0.55295
1413393274.855760574 -1.69716 -2.14710 0.20372 0.23197 -0.77663 0.17691 0.55834
1413393274.905760527 -1.69273 -2.14018 0.20079 0.22438 -0.77661 0.16902 0.56388
1413393274.955760479 -1.68810 -2.13335 0.19817 0.21701 -0.77690 0.16218 0.56836
1413393275.005760431 -1.68311 -2.12622 0.19619 0.20843 -0.77716 0.15577 0.57298
1413393275.055760384 -1.67763 -2.11883 0.19481 0.20012 -0.77828 0.14990 0.57598
1413393275.105760574 -1.67112 -2.11177 0.19282 0.19186 -0.77939 0.14368 0.57888
1413393275.155760527 -1.66392 -2.10430 0.19054 0.18294 -0.78121 0.13792 0.58071
1413393275.205760479 -1.65596 -2.09674 0.18806 0.17372 -0.78378 0.13300 0.58122
1413393275.255760431 -1.65001 -2.08692 0.19077 0.16407 -0.78645 0.12746 0.58167
1413393275.305760384 -1.63803 -2.08025 0.18438 0.15436 -0.78983 0.12093 0.58113
1413393275.355760574 -1.62846 -2.07156 0.18272 0.14384 -0.79258 0.11576 0.58114
1413393275.405760527 -1.61860 -2.06276 0.18132 0.13291 -0.79532 0.10992 0.58114
1413393275.455760479 -1.60825 -2.05373 0.18089 0.12180 -0.79733 0.10448 0.58183
1413393275.505760431 -1.59731 -2.04448 0.18033 0.11158 -0.79907 0.09840 0.58255
1413393275.555760384 -1.58619 -2.03467 0.18070 0.10129 -0.80062 0.09175 0.58337
1413393275.605760574 -1.57512 -2.02451 0.18187 0.09001 -0.80170 0.08648 0.58455
1413393275.655760527 -1.56389 -2.01493 0.18601 0.08012 -0.80283 0.08051 0.58529
1413393275.705760479 -1.55302 -2.00080 0.18482 0.06962 -0.80344 0.07382 0.58668
1413393275.755760431 -1.54116 -1.98919 0.18647 0.06070 -0.80640 0.06607 0.58453
1413393275.805760384 -1.53172 -1.97946 0.19090 0.05268 -0.81101 0.06000 0.57956
1413393275.855760574 -1.52112 -1.96775 0.19328 0.04447 -0.81608 0.05614 0.57349
1413393275.905760527 -1.51106 -1.95541 0.19696 0.03709 -0.82143 0.05434 0.56650
1413393275.955760479 -1.50338 -1.94294 0.19950 0.03103 -0.82597 0.05302 0.56036
1413393276.055760384 -1.49286 -1.91568 0.20913 0.02559 -0.82933 0.04733 0.55617
1413393276.105760574 -1.49059 -1.90533 0.21497 0.02882 -0.82559 0.03967 0.56214
1413393276.155760527 -1.48875 -1.88669 0.22305 0.03326 -0.82090 0.03173 0.56921
1413393276.205760479 -1.48752 -1.87209 0.23062 0.03825 -0.81603 0.02467 0.57621
1413393276.305760384 -1.48646 -1.84573 0.24497 0.04671 -0.80944 0.01550 0.58514
1413393276.605760574 -1.48581 -1.78922 0.24155 0.04662 -0.81412 0.03366 0.57785
1413393276.755760431 -1.49427 -1.76865 0.22224 0.04576 -0.81870 0.04160 0.57088
1413393277.155760527 -1.54758 -1.71319 0.20046 0.04787 -0.81681 0.04211 0.57337
1413393277.305760384 -1.57984 -1.69569 0.19545 0.04784 -0.81286 0.04074 0.57906
1413393277.505760431 -1.62231 -1.66725 0.20978 0.04905 -0.81202 0.03539 0.58049
1413393277.705760479 -1.66739 -1.64597 0.22376 0.03930 -0.80740 0.04120 0.58724
1413393277.805760384 -1.68590 -1.63251 0.20733 0.02806 -0.80436 0.04021 0.59211
1413393277.905760527 -1.70864 -1.62110 0.20502 0.01508 -0.80216 0.03407 0.59594
1413393277.955760479 -1.71596 -1.61370 0.19724 0.00723 -0.80055 0.03011 0.59847
1413393278.005760431 -1.72185 -1.60488 0.19108 -0.00194 -0.79911 0.02601 0.60062
1413393278.055760384 -1.72931 -1.59296 0.18784 -0.01121 -0.79948 0.02064 0.60023
1413393278.105760574 -1.73431 -1.58238 0.18175 -0.02038 -0.80121 0.01330 0.59789
1413393278.155760527 -1.73864 -1.57214 0.17714 -0.03023 -0.80250 0.00577 0.59586
1413393278.205760479 -1.74223 -1.56030 0.17254 -0.04021 -0.80394 -0.00131 0.59335
1413393278.255760431 -1.74494 -1.54250 0.16763 -0.05146 -0.80563 -0.00829 0.59012
1413393278.305760384 -1.74844 -1.53570 0.16863 -0.06446 -0.80742 -0.01123 0.58634
1413393278.355760574 -1.75014 -1.52462 0.16803 -0.07638 -0.80916 -0.01251 0.58246
1413393278.405760527 -1.75237 -1.50857 0.16616 -0.08773 -0.81093 -0.01226 0.57840
1413393278.455760479 -1.75466 -1.49241 0.16520 -0.09759 -0.81287 -0.01190 0.57408
1413393278.555760384 -1.76674 -1.46309 0.16610 -0.11146 -0.81583 -0.01130 0.56734
1413393278.655760527 -1.76522 -1.41242 0.16870 -0.11780 -0.81658 -0.01318 0.56494
1413393278.705760479 -1.77143 -1.38614 0.17150 -0.11558 -0.81598 -0.01971 0.56607
1413393278.755760431 -1.77567 -1.35778 0.17525 -0.10844 -0.81420 -0.03135 0.56951
1413393278.805760384 -1.78016 -1.32816 0.17907 -0.10134 -0.81134 -0.04224 0.57417
1413393278.855760574 -1.78444 -1.29702 0.18356 -0.09442 -0.80963 -0.05203 0.57695
1413393278.955760479 -1.79484 -1.23741 0.19321 -0.08479 -0.80787 -0.06372 0.57974
1413393279.055760384 -1.80293 -1.17994 0.20532 -0.07880 -0.80851 -0.06775 0.57924
1413393279.155760527 -1.81635 -1.12577 0.21440 -0.07544 -0.81025 -0.06763 0.57727
1413393279.255760431 -1.82900 -1.07261 0.21458 -0.07171 -0.81347 -0.06669 0.57330
1413393279.355760574 -1.84348 -1.02135 0.20620 -0.06951 -0.81843 -0.06349 0.56683
1413393279.455760479 -1.85942 -0.97466 0.19769 -0.06664 -0.82290 -0.06128 0.56092
1413393279.605760574 -1.89204 -0.91260 0.19121 -0.06120 -0.82032 -0.05950 0.56550
1413393279.705760479 -1.91781 -0.87589 0.18964 -0.05719 -0.81596 -0.05893 0.57225
1413393279.805760384 -1.94597 -0.84370 0.18702 -0.05544 -0.81187 -0.05719 0.57837
1413393279.955760479 -1.98836 -0.80347 0.17914 -0.05510 -0.80640 -0.05123 0.58656
1413393280.205760479 -2.05196 -0.75047 0.17619 -0.05811 -0.80432 -0.03118 0.59052
1413393280.405760527 -2.09099 -0.71039 0.18621 -0.06141 -0.80106 -0.01474 0.59524
1413393280.655760527 -2.11990 -0.64295 0.19830 -0.06670 -0.80583 0.00445 0.58836
1413393280.805760384 -2.12833 -0.58475 0.18239 -0.07153 -0.81026 0.01521 0.58149
1413393280.905760527 -2.13294 -0.53633 0.16560 -0.07178 -0.81362 0.01762 0.57668
1413393281.005760431 -2.13722 -0.47985 0.15442 -0.06558 -0.81535 0.00982 0.57515
1413393281.055760384 -2.14163 -0.44789 0.15283 -0.05853 -0.81587 0.00097 0.57526
1413393281.105760574 -2.14604 -0.41384 0.15292 -0.05315 -0.81659 -0.00695 0.57472
1413393281.155760527 -2.15140 -0.37806 0.15380 -0.04821 -0.81656 -0.01484 0.57505
1413393281.205760479 -2.15660 -0.34154 0.15482 -0.04439 -0.81617 -0.02021 0.57576
1413393281.255760431 -2.16210 -0.30482 0.15538 -0.04127 -0.81630 -0.02536 0.57559
1413393281.305760384 -2.16827 -0.26862 0.15646 -0.03903 -0.81608 -0.02946 0.57587
1413393281.355760574 -2.17469 -0.23344 0.15867 -0.03793 -0.81578 -0.03229 0.57621
1413393281.455760479 -2.18848 -0.16799 0.16558 -0.03777 -0.81509 -0.03618 0.57697
1413393281.555760384 -2.20342 -0.10601 0.17256 -0.03984 -0.81505 -0.03807 0.57677
1413393281.655760527 -2.22059 -0.04808 0.18222 -0.04259 -0.81248 -0.04107 0.57998
1413393281.755760431 -2.23847 0.00475 0.19497 -0.04535 -0.80807 -0.04394 0.58570
1413393281.805760384 -2.24768 0.02916 0.20246 -0.04626 -0.80423 -0.04627 0.59071
1413393281.855760574 -2.25658 0.05231 0.21028 -0.04998 -0.80049 -0.04392 0.59564
1413393281.955760479 -2.27163 0.09571 0.22552 -0.05676 -0.79872 -0.04117 0.59761
1413393282.055760384 -2.28357 0.13625 0.24148 -0.06337 -0.80335 -0.03790 0.59091
1413393282.155760527 -2.29373 0.17563 0.25905 -0.07173 -0.80797 -0.03010 0.58407
1413393282.305760384 -2.30903 0.23697 0.28878 -0.07790 -0.81241 -0.02379 0.57737
1413393282.405760527 -2.32082 0.28195 0.31237 -0.07182 -0.81027 -0.03198 0.58077
1413393282.505760431 -2.33264 0.32662 0.33419 -0.06317 -0.80828 -0.04287 0.58383
1413393282.605760574 -2.34480 0.36871 0.34638 -0.05695 -0.80621 -0.04983 0.58677
1413393282.705760479 -2.35662 0.40607 0.34762 -0.05249 -0.80361 -0.05287 0.59047
1413393282.855760574 -2.37105 0.45221 0.34489 -0.04544 -0.79972 -0.03807 0.59744
1413393282.955760479 -2.37714 0.47824 0.34388 -0.03419 -0.80496 -0.02540 0.59180
1413393283.005760431 -2.37956 0.49038 0.34340 -0.02690 -0.80897 -0.01906 0.58693
1413393283.055760384 -2.38191 0.50201 0.34404 -0.01776 -0.81276 -0.01358 0.58217
1413393283.105760574 -2.38427 0.51292 0.34517 -0.00754 -0.81571 -0.00772 0.57837
1413393283.155760527 -2.38675 0.52307 0.34753 0.00387 -0.81711 -0.00285 0.57646
1413393283.205760479 -2.38957 0.53246 0.35040 0.01509 -0.81806 0.00274 0.57492
1413393283.255760431 -2.39312 0.54068 0.35304 0.02760 -0.81859 0.00764 0.57367
1413393283.305760384 -2.39716 0.54786 0.35541 0.03883 -0.81875 0.01419 0.57266
1413393283.355760574 -2.40202 0.55380 0.35811 0.05061 -0.81882 0.02048 0.57144
1413393283.405760527 -2.40735 0.55824 0.36022 0.06246 -0.81817 0.02820 0.57087
1413393283.455760479 -2.41337 0.56168 0.36129 0.07366 -0.81764 0.03605 0.56986
1413393283.505760431 -2.41974 0.56397 0.36060 0.08508 -0.81679 0.04440 0.56890
1413393283.555760384 -2.42659 0.56478 0.35801 0.09588 -0.81549 0.05431 0.56819
1413393283.605760574 -2.43368 0.56515 0.35269 0.10564 -0.81439 0.06341 0.56709
1413393283.655760527 -2.44149 0.56473 0.34409 0.11640 -0.81211 0.07203 0.56722
1413393283.705760479 -2.44923 0.56368 0.33358 0.12662 -0.80908 0.08162 0.56806
1413393283.755760431 -2.45717 0.56178 0.32176 0.13719 -0.80506 0.08961 0.57011
1413393283.805760384 -2.46548 0.55860 0.30932 0.14764 -0.80152 0.09861 0.57100
1413393283.855760574 -2.47349 0.55474 0.29681 0.15915 -0.79797 0.10631 0.57149
1413393283.905760527 -2.48130 0.55025 0.28476 0.17096 -0.79501 0.11345 0.57084
1413393283.955760479 -2.48904 0.54491 0.27315 0.18344 -0.79243 0.12077 0.56905
1413393284.005760431 -2.49622 0.53870 0.26184 0.19579 -0.79149 0.12820 0.56461
1413393284.055760384 -2.50289 0.53164 0.25149 0.20766 -0.78934 0.13610 0.56152
1413393284.105760574 -2.50912 0.52367 0.24221 0.22040 -0.78704 0.14399 0.55791
1413393284.155760527 -2.51492 0.51505 0.23412 0.23250 -0.78378 0.15263 0.55528
1413393284.205760479 -2.52077 0.50551 0.22686 0.24430 -0.78027 0.16085 0.55283
1413393284.255760431 -2.52657 0.49453 0.22073 0.25717 -0.77566 0.16904 0.55104
1413393284.305760384 -2.53215 0.48263 0.21488 0.26941 -0.77117 0.17792 0.54868
1413393284.355760574 -2.53742 0.46974 0.20975 0.28123 -0.76556 0.18731 0.54748
1413393284.405760527 -2.54237 0.45575 0.20483 0.29325 -0.75982 0.19729 0.54567
1413393284.455760479 -2.54684 0.44099 0.20041 0.30556 -0.75356 0.20670 0.54411
1413393284.505760431 -2.55053 0.42574 0.19611 0.31760 -0.74741 0.21669 0.54180
1413393284.555760384 -2.55345 0.41000 0.19185 0.33030 -0.74205 0.22602 0.53775
1413393284.605760574 -2.55534 0.39410 0.18789 0.34237 -0.73665 0.23570 0.53346
1413393284.655760527 -2.55645 0.37784 0.18370 0.35336 -0.73256 0.24702 0.52676
1413393284.705760479 -2.55690 0.36146 0.17954 0.36433 -0.72949 0.25899 0.51772
1413393284.755760431 -2.55711 0.34475 0.17608 0.37458 -0.72589 0.27141 0.50903
1413393284.805760384 -2.55729 0.32794 0.17334 0.38583 -0.72107 0.28316 0.50101
1413393284.855760574 -2.55757 0.31102 0.17058 -0.39789 0.71560 -0.29403 -0.49309
1413393284.905760527 -2.55821 0.29426 0.16828 -0.40996 0.70947 -0.30421 -0.48584
1413393284.955760479 -2.55947 0.27750 0.16659 -0.42246 0.70234 -0.31376 -0.47937
1413393285.005760431 -2.56138 0.26082 0.16518 -0.43464 0.69492 -0.32386 -0.47254
1413393285.055760384 -2.56427 0.24418 0.16418 -0.44682 0.68722 -0.33262 -0.46631
1413393285.105760574 -2.56806 0.22721 0.16360 -0.45821 0.67941 -0.34223 -0.45970
1413393285.155760527 -2.57297 0.21046 0.16341 -0.47001 0.67063 -0.35103 -0.45401
1413393285.205760479 -2.57857 0.19353 0.16320 -0.48125 0.66250 -0.35941 -0.44756
1413393285.255760431 -2.58492 0.17643 0.16306 -0.49187 0.65389 -0.36801 -0.44166
1413393285.305760384 -2.59195 0.15900 0.16296 -0.50304 0.64515 -0.37566 -0.43545
1413393285.355760574 -2.60001 0.14179 0.16291 -0.51328 0.63609 -0.38332 -0.43011
1413393285.405760527 -2.60884 0.12477 0.16293 -0.52413 0.62691 -0.39037 -0.42413
1413393285.455760479 -2.61844 0.10782 0.16301 -0.53485 0.61769 -0.39683 -0.41823
1413393285.505760431 -2.62887 0.09120 0.16311 -0.54509 0.60823 -0.40365 -0.41231
1413393285.555760384 -2.64004 0.07471 0.16361 -0.55602 0.59755 -0.40955 -0.40748
1413393285.605760574 -2.65183 0.05832 0.16447 -0.56625 0.58669 -0.41568 -0.40294
1413393285.655760527 -2.66397 0.04072 0.16575 0.57623 -0.57480 0.42211 0.39923
1413393285.705760479 -2.67604 0.02582 0.16746 0.58635 -0.56252 0.42747 0.39626
1413393285.755760431 -2.68887 0.00963 0.16976 0.59725 -0.54891 0.43059 0.39571
1413393285.805760384 -2.70094 -0.00467 0.17245 0.60725 -0.53647 0.43398 0.39383
1413393285.855760574 -2.71328 -0.01998 0.17532 0.61548 -0.52679 0.43836 0.38927
1413393285.905760527 -2.72509 -0.03390 0.17807 0.62104 -0.52148 0.44329 0.38191
1413393286.005760431 -2.74781 -0.06114 0.18462 0.62863 -0.51437 0.45143 0.36940
1413393286.155760527 -2.78167 -0.09993 0.19562 0.63196 -0.51265 0.45919 0.35632
1413393286.355760574 -2.83098 -0.14794 0.20411 0.63047 -0.51281 0.46036 0.35722
1413393286.455760479 -2.85696 -0.16880 0.19484 0.62904 -0.51324 0.45742 0.36286
1413393286.555760384 -2.88579 -0.19071 0.17480 0.62612 -0.51642 0.45545 0.36586
1413393286.655760527 -2.91667 -0.21442 0.15731 0.62427 -0.52090 0.45241 0.36642
1413393286.755760431 -2.94681 -0.23713 0.14785 0.62530 -0.52202 0.44612 0.37077
1413393286.855760574 -2.97385 -0.25767 0.14613 0.63016 -0.51870 0.43601 0.37913
1413393287.005760431 -3.00291 -0.28791 0.14931 0.64165 -0.50587 0.42885 0.38532
1413393287.105760574 -3.01334 -0.30870 0.15296 0.64920 -0.49587 0.43238 0.38171
1413393287.205760479 -3.01525 -0.32924 0.15852 0.65647 -0.48801 0.44158 0.36865
1413393287.255760431 -3.01333 -0.33877 0.16162 0.65996 -0.48437 0.44871 0.35846
1413393287.305760384 -3.00940 -0.34731 0.16667 0.66330 -0.47954 0.45665 0.34863
1413393287.355760574 -3.00334 -0.35495 0.17269 0.66673 -0.47328 0.46542 0.33892
1413393287.405760527 -2.99643 -0.36235 0.17886 0.67083 -0.46568 0.47374 0.32970
1413393287.455760479 -2.98903 -0.37007 0.18534 0.67607 -0.45755 0.48078 0.32005
1413393287.505760431 -2.98138 -0.37779 0.19227 0.68238 -0.44800 0.48654 0.31133
1413393287.555760384 -2.97331 -0.38543 0.19947 0.68943 -0.43810 0.49108 0.30265
1413393287.605760574 -2.96515 -0.39282 0.20619 0.69655 -0.42794 0.49568 0.29323
1413393287.655760527 -2.95701 -0.40022 0.21262 0.70341 -0.41817 0.49996 0.28352
1413393287.705760479 -2.94894 -0.40773 0.21971 0.70923 -0.40767 0.50564 0.27409
1413393287.755760431 -2.94083 -0.41556 0.22660 0.71480 -0.39699 0.51121 0.26483
1413393287.805760384 -2.93291 -0.42391 0.23274 0.72054 -0.38599 0.51599 0.25608
1413393287.855760574 -2.92520 -0.43261 0.23828 0.72496 -0.37489 0.52242 0.24690
1413393287.905760527 -2.91793 -0.44173 0.24301 0.73018 -0.36344 0.52714 0.23847
1413393287.955760479 -2.91129 -0.45176 0.24744 0.73493 -0.35153 0.53202 0.23077
1413393288.005760431 -2.90521 -0.46262 0.25128 0.73883 -0.34045 0.53719 0.22282
1413393288.055760384 -2.89953 -0.47414 0.25440 0.74345 -0.33038 0.54002 0.21565
1413393288.105760574 -2.89537 -0.48583 0.25616 0.74754 -0.32156 0.54175 0.21043
1413393288.205760479 -2.88995 -0.51087 0.25787 0.75577 -0.30996 0.54033 0.20196
1413393288.305760384 -2.88696 -0.53774 0.25661 0.76485 -0.30477 0.53270 0.19584
1413393288.555760384 -2.87288 -0.62285 0.25398 0.76139 -0.30182 0.53832 0.19850
1413393288.655760527 -2.86682 -0.65944 0.25185 0.75529 -0.29779 0.54779 0.20196
1413393288.805760384 -2.85985 -0.71131 0.24615 0.75464 -0.28738 0.55491 0.20003
1413393289.055760384 -2.85659 -0.78721 0.21665 0.76269 -0.27841 0.55051 0.19425
1413393289.405760527 -2.86178 -0.87812 0.15009 0.76441 -0.26891 0.55473 0.18878
1413393289.605760574 -2.86766 -0.92965 0.14264 0.76855 -0.26828 0.54923 0.18895
1413393289.855760574 -2.86857 -0.98910 0.14902 0.76702 -0.27063 0.54967 0.19056
1413393290.005760431 -2.86558 -1.02280 0.15816 0.76359 -0.27258 0.55212 0.19441
1413393290.205760479 -2.86303 -1.05572 0.14899 0.76108 -0.27974 0.55197 0.19451
1413393290.355760574 -2.86271 -1.07096 0.11803 0.76265 -0.28383 0.54732 0.19554
1413393290.505760431 -2.86029 -1.09086 0.08173 0.76900 -0.28021 0.54175 0.19142
1413393290.655760527 -2.85446 -1.11081 0.04839 0.77336 -0.27463 0.54022 0.18615
1413393290.955760479 -2.82844 -1.16006 -0.02023 0.77242 -0.27002 0.54655 0.17816
1413393291.105760574 -2.81030 -1.19092 -0.05854 0.76467 -0.27557 0.55753 0.16882
1413393291.305760384 -2.79629 -1.23786 -0.10707 0.75753 -0.27704 0.56591 0.17073
1413393291.405760527 -2.79515 -1.26300 -0.13204 0.76145 -0.27370 0.56039 0.17677
1413393291.505760431 -2.79628 -1.28858 -0.15395 0.76703 -0.26726 0.55481 0.18010
1413393291.705760479 -2.80006 -1.34097 -0.18491 0.77320 -0.25654 0.55045 0.18262
1413393292.005760431 -2.79321 -1.41568 -0.17425 0.77820 -0.23825 0.55289 0.17875
1413393292.105760574 -2.78734 -1.43569 -0.15366 0.77578 -0.23206 0.55887 0.17884
1413393292.205760479 -2.78152 -1.45105 -0.13174 0.77310 -0.22595 0.56495 0.17915
1413393292.305760384 -2.77695 -1.46000 -0.10998 0.77141 -0.22014 0.56990 0.17798
1413393292.455760479 -2.77282 -1.46454 -0.08190 0.77001 -0.21630 0.57511 0.17187
1413393292.655760527 -2.77405 -1.45436 -0.04879 0.77683 -0.20904 0.56982 0.16779
1413393292.855760574 -2.77738 -1.42720 -0.01409 0.78039 -0.19897 0.56939 0.16493
1413393292.955760479 -2.78044 -1.40409 0.00866 0.77969 -0.19578 0.57287 0.15989
1413393293.055760384 -2.78460 -1.37547 0.03176 0.78085 -0.19398 0.57365 0.15352
1413393293.155760527 -2.79073 -1.34335 0.05376 0.78230 -0.19330 0.57373 0.14657
1413393293.255760431 -2.79808 -1.30936 0.07623 0.78319 -0.19353 0.57407 0.13997
1413393293.355760574 -2.80641 -1.27457 0.09255 0.78346 -0.19496 0.57495 0.13274
1413393293.455760479 -2.81558 -1.23890 0.09743 0.78297 -0.19797 0.57620 0.12550
1413393293.605760574 -2.83250 -1.18863 0.08862 0.78555 -0.19498 0.57310 0.12826
1413393293.755760431 -2.85283 -1.14051 0.08070 0.79118 -0.18588 0.56579 0.13920
1413393293.905760527 -2.87084 -1.08612 0.07822 0.79376 -0.18087 0.56276 0.14329
1413393294.055760384 -2.88556 -1.02294 0.08373 0.79490 -0.17769 0.56182 0.14463
1413393294.155760527 -2.89327 -0.97534 0.09130 0.78959 -0.17752 0.56963 0.14340
1413393294.255760431 -2.90077 -0.92449 0.10000 0.78559 -0.17917 0.57495 0.14203
1413393294.405760527 -2.91321 -0.84439 0.10985 0.78870 -0.18063 0.56954 0.14476
1413393294.555760384 -2.92540 -0.75777 0.11699 0.79250 -0.18359 0.56246 0.14792
1413393294.655760527 -2.93177 -0.69748 0.12038 0.79241 -0.18927 0.56168 0.14415
1413393294.755760431 -2.93637 -0.63635 0.12375 0.79143 -0.19588 0.56232 0.13811
1413393294.855760574 -2.93985 -0.57485 0.12698 0.79061 -0.20165 0.56280 0.13237
1413393295.005760431 -2.94424 -0.48454 0.13411 0.79257 -0.19966 0.55950 0.13757
1413393295.155760527 -2.94528 -0.39818 0.14495 0.79410 -0.19495 0.55700 0.14542
1413393295.255760431 -2.94274 -0.34132 0.15220 0.79303 -0.19819 0.55829 0.14190
1413393295.355760574 -2.93822 -0.28487 0.15952 0.79201 -0.20265 0.55954 0.13625
1413393295.455760479 -2.93208 -0.22867 0.16777 0.79088 -0.20816 0.56106 0.12803
1413393295.555760384 -2.92518 -0.17618 0.17514 0.78931 -0.21315 0.56315 0.12009
1413393295.655760527 -2.91901 -0.12890 0.17482 0.78833 -0.21596 0.56431 0.11592
1413393295.805760384 -2.91377 -0.06682 0.15919 0.78931 -0.21302 0.56354 0.11850
1413393295.955760479 -2.90766 -0.01551 0.14110 0.79401 -0.19743 0.55790 0.13896
1413393296.155760527 -2.89152 0.05159 0.13187 0.79695 -0.18715 0.55393 0.15169
1413393296.305760384 -2.86884 0.11053 0.13278 0.79904 -0.18672 0.55072 0.15293
1413393296.405760527 -2.84788 0.15456 0.13519 0.79854 -0.19214 0.55116 0.14708
1413393296.505760431 -2.82428 0.19770 0.13338 0.79706 -0.20208 0.55153 0.14024
1413393296.655760527 -2.78667 0.25737 0.11244 0.79191 -0.22040 0.55207 0.13973
1413393296.855760574 -2.72990 0.32806 0.07098 0.78523 -0.24049 0.55180 0.14524
1413393297.205760479 -2.62201 0.41044 0.02272 0.77821 -0.25896 0.54863 0.16227
1413393297.505760431 -2.52609 0.44933 -0.00750 0.77412 -0.26575 0.54898 0.16951
1413393297.705760479 -2.45950 0.45975 -0.02580 0.77170 -0.26751 0.55257 0.16611
1413393297.855760574 -2.41165 0.46028 -0.03882 0.76734 -0.26989 0.55930 0.15979
1413393298.055760384 -2.35724 0.44829 -0.05636 0.76774 -0.26823 0.56063 0.15594
1413393298.255760431 -2.31269 0.42100 -0.07361 0.77656 -0.26121 0.55016 0.16137
1413393298.405760527 -2.27624 0.39368 -0.08758 0.78431 -0.24862 0.54090 0.17456
1413393298.555760384 -2.23171 0.36610 -0.09976 0.78416 -0.23680 0.54261 0.18599
1413393298.705760479 -2.17709 0.34439 -0.10930 0.78093 -0.24014 0.54905 0.17616
1413393298.805760384 -2.13857 0.33151 -0.11335 0.77849 -0.24582 0.55298 0.16654
1413393298.955760479 -2.07855 0.31146 -0.11671 0.77608 -0.25254 0.55555 0.15900
1413393299.155760527 -2.00210 0.27893 -0.11651 0.77430 -0.25385 0.55535 0.16613
1413393299.255760431 -1.96357 0.26113 -0.11371 0.77025 -0.24862 0.55929 0.17917
1413393299.355760574 -1.92578 0.24661 -0.10933 0.76219 -0.24602 0.56862 0.18762
1413393299.455760479 -1.89139 0.23763 -0.10662 0.75652 -0.24792 0.57514 0.18819
1413393299.605760574 -1.84782 0.23327 -0.10270 0.75607 -0.25537 0.57496 0.18045
1413393299.805760384 -1.80426 0.23721 -0.09188 0.76016 -0.25949 0.56963 0.17421
1413393300.055760384 -1.76583 0.25175 -0.07110 0.77178 -0.24577 0.55530 0.18866
1413393300.205760479 -1.74017 0.26919 -0.05788 0.77407 -0.24602 0.55348 0.18423
1413393300.305760384 -1.71983 0.28541 -0.04882 0.77422 -0.24809 0.55777 0.16709
1413393300.355760574 -1.71072 0.29393 -0.04373 0.77478 -0.24718 0.56034 0.15697
1413393300.405760527 -1.70077 0.30193 -0.03825 0.77602 -0.24466 0.56257 0.14648
1413393300.455760479 -1.69011 0.30951 -0.03186 0.77752 -0.24059 0.56500 0.13545
1413393300.505760431 -1.67967 0.31662 -0.02520 0.77928 -0.23429 0.56723 0.12681
1413393300.555760384 -1.66987 0.32330 -0.01920 0.78133 -0.22639 0.56950 0.11805
1413393300.605760574 -1.66114 0.32921 -0.01359 0.78393 -0.21648 0.57127 0.11063
1413393300.655760527 -1.65411 0.33305 -0.00803 0.78689 -0.20466 0.57261 0.10504
1413393300.705760479 -1.64665 0.33629 -0.00210 0.79059 -0.19126 0.57294 0.10057
1413393300.755760431 -1.63924 0.33905 0.00388 0.79407 -0.17740 0.57329 0.09654
1413393300.805760384 -1.63273 0.34112 0.00892 0.79684 -0.16423 0.57371 0.09453
1413393300.855760574 -1.62679 0.34236 0.01196 0.79832 -0.15217 0.57519 0.09320
1413393300.955760479 -1.61412 0.34353 0.01040 0.79822 -0.13332 0.58028 0.09135
1413393301.055760384 -1.60123 0.34524 -0.00292 0.79483 -0.12106 0.58817 0.08745
1413393301.155760527 -1.58920 0.34906 -0.02516 0.79261 -0.11016 0.59420 0.08103
1413393301.255760431 -1.57942 0.35537 -0.05401 0.79281 -0.09818 0.59728 0.07120
1413393301.305760384 -1.57761 0.36011 -0.06786 0.79306 -0.09100 0.59870 0.06584
1413393301.355760574 -1.57726 0.36593 -0.08072 0.79400 -0.08267 0.59927 0.06004
1413393301.405760527 -1.57844 0.37262 -0.09231 0.79487 -0.07453 0.59986 0.05288
1413393301.455760479 -1.58145 0.38017 -0.10332 0.79611 -0.06589 0.59981 0.04567
1413393301.505760431 -1.58567 0.38872 -0.11372 0.79832 -0.05639 0.59835 0.03841
1413393301.555760384 -1.59099 0.39770 -0.12342 0.80189 -0.04630 0.59484 0.03162
1413393301.605760574 -1.59707 0.40665 -0.13181 0.80575 -0.03549 0.59065 0.02524
1413393301.655760527 -1.60278 0.41584 -0.13921 0.80935 -0.02426 0.58651 0.01937
1413393301.705760479 -1.60796 0.42533 -0.14612 0.81164 -0.01428 0.58380 0.01480
1413393301.755760431 -1.61308 0.43536 -0.15270 0.81377 -0.00544 0.58106 0.01068
1413393301.805760384 -1.61785 0.44605 -0.15870 0.81499 0.00260 0.57942 0.00788
1413393301.905760527 -1.62705 0.46918 -0.16937 0.81532 0.01310 0.57885 0.00250
1413393302.005760431 -1.63470 0.49529 -0.17780 0.81485 0.02046 0.57931 -0.00002
1413393302.105760574 -1.64056 0.52446 -0.18291 0.81396 0.02380 0.58042 -0.00271
1413393302.205760479 -1.64476 0.55682 -0.18552 0.81350 0.02278 0.58109 -0.00526
1413393302.305760384 -1.64817 0.59189 -0.18572 0.81280 0.01916 0.58217 -0.00817
1413393302.405760527 -1.65139 0.62921 -0.18454 0.81285 0.01312 0.58222 -0.01124
1413393302.555760384 -1.65711 0.68719 -0.17742 0.81321 0.00107 0.58178 -0.01494
1413393302.705760479 -1.66178 0.74214 -0.16316 0.81495 -0.00944 0.57922 -0.01672
1413393302.855760574 -1.66451 0.79142 -0.14216 0.81563 -0.01546 0.57811 -0.01747
1413393303.005760431 -1.66430 0.83466 -0.11785 0.81612 -0.01583 0.57745 -0.01544
1413393303.155760527 -1.66155 0.87091 -0.09203 0.81515 -0.01292 0.57898 -0.01220
1413393303.305760384 -1.65679 0.90228 -0.06575 0.81501 -0.00986 0.57929 -0.00849
1413393303.505760431 -1.64681 0.94125 -0.02620 0.81564 -0.00055 0.57853 0.00668
1413393303.605760574 -1.64055 0.96274 -0.00300 0.81410 -0.00076 0.58064 0.01008
1413393303.705760479 -1.63311 0.98566 0.02214 0.81225 -0.00336 0.58321 0.01006
1413393303.805760384 -1.62656 1.01028 0.04894 0.81184 -0.00596 0.58379 0.00850
1413393303.905760527 -1.62021 1.03628 0.07702 0.81176 -0.01042 0.58388 0.00399
1413393304.005760431 -1.61392 1.06237 0.10161 0.81203 -0.01595 0.58339 -0.00261
1413393304.155760527 -1.60420 1.09717 0.11644 0.81569 -0.01931 0.57813 -0.00647
1413393304.305760384 -1.59032 1.12846 0.11213 0.82199 -0.01386 0.56933 -0.00043
1413393304.505760431 -1.56089 1.16765 0.10115 0.82386 -0.00368 0.56673 0.00737
1413393304.655760527 -1.53217 1.19286 0.09100 0.81981 0.00318 0.57253 0.01026
1413393304.755760431 -1.51102 1.21137 0.08572 0.81772 0.00548 0.57553 0.00878
1413393304.855760574 -1.48835 1.23171 0.08193 0.81703 0.00591 0.57655 0.00297
1413393305.005760431 -1.45222 1.26385 0.07983 0.81824 0.00938 0.57480 0.00168
1413393305.155760527 -1.41354 1.29620 0.08202 0.82017 0.00800 0.57206 -0.00111
1413393305.305760384 -1.37092 1.33068 0.09283 0.81989 0.01007 0.57239 0.00762
1413393305.455760479 -1.32515 1.36977 0.10721 0.82007 0.00178 0.57215 0.01141
1413393305.605760574 -1.27662 1.41447 0.12327 0.82012 -0.00754 0.57202 0.01168
1413393305.755760431 -1.22432 1.46210 0.14324 0.81914 -0.01471 0.57294 0.02321
1413393305.855760574 -1.18710 1.49654 0.15889 0.81696 -0.01748 0.57518 0.03790
1413393305.955760479 -1.14883 1.53644 0.17506 0.81565 -0.01988 0.57603 0.05018
1413393306.055760384 -1.11051 1.58272 0.19113 0.81422 -0.02820 0.57784 0.04852
1413393306.155760527 -1.07195 1.63386 0.20679 0.81388 -0.03457 0.57827 0.04484
1413393306.255760431 -1.03129 1.69023 0.22185 0.81416 -0.03874 0.57789 0.04115
1413393306.355760574 -0.99203 1.74625 0.23604 0.81648 -0.04472 0.57441 0.03771
1413393306.555760384 -0.91018 1.85646 0.24947 0.81815 -0.07536 0.56830 0.04450
1413393306.655760527 -0.86731 1.90886 0.24331 0.81361 -0.09577 0.57071 0.05621
1413393306.755760431 -0.82520 1.95881 0.23311 0.80820 -0.12156 0.57328 0.05818
1413393306.905760527 -0.76559 2.02337 0.22409 0.80169 -0.15019 0.57531 0.06127
1413393307.055760384 -0.71064 2.07272 0.22238 0.79786 -0.17376 0.57237 0.07494
1413393307.155760527 -0.67579 2.09653 0.22200 0.79572 -0.18561 0.56889 0.09345
1413393307.205760479 -0.65891 2.10513 0.22134 0.79472 -0.19201 0.56649 0.10314
1413393307.255760431 -0.64175 2.11312 0.22140 0.79298 -0.19877 0.56480 0.11260
1413393307.305760384 -0.62456 2.12049 0.22191 0.79076 -0.20546 0.56344 0.12255
1413393307.355760574 -0.60798 2.12684 0.22227 0.78938 -0.21428 0.56025 0.13070
1413393307.405760527 -0.59132 2.13238 0.22345 0.78716 -0.22325 0.55768 0.13973
1413393307.455760479 -0.57397 2.13740 0.22538 0.78454 -0.23310 0.55486 0.14930
1413393307.505760431 -0.55714 2.14118 0.22790 0.78202 -0.24387 0.55138 0.15795
1413393307.555760384 -0.53978 2.14484 0.23061 0.78022 -0.25538 0.54639 0.16583
1413393307.605760574 -0.52232 2.14755 0.23372 0.77762 -0.26748 0.54210 0.17289
1413393307.655760527 -0.50450 2.14956 0.23729 0.77525 -0.28077 0.53693 0.17848
1413393307.705760479 -0.48610 2.15140 0.24132 0.77276 -0.29330 0.53178 0.18446
1413393307.755760431 -0.46726 2.15234 0.24608 0.76928 -0.30418 0.52771 0.19291
1413393307.805760384 -0.44761 2.15243 0.25153 0.76419 -0.31179 0.52620 0.20472
1413393307.855760574 -0.42759 2.15196 0.25693 0.75875 -0.31974 0.52506 0.21535
1413393307.905760527 -0.40713 2.15118 0.26277 0.75300 -0.32714 0.52410 0.22645
1413393307.955760479 -0.38593 2.15044 0.26891 0.74784 -0.33490 0.52207 0.23668
1413393308.005760431 -0.36442 2.14981 0.27542 0.74217 -0.34343 0.52039 0.24583
1413393308.055760384 -0.34271 2.14942 0.28182 0.73721 -0.35190 0.51755 0.25462
1413393308.105760574 -0.31976 2.14914 0.28824 0.73210 -0.36052 0.51468 0.26300
1413393308.155760527 -0.29606 2.14901 0.29430 0.72737 -0.36999 0.51083 0.27034
1413393308.205760479 -0.27183 2.14912 0.30060 0.72258 -0.37894 0.50710 0.27775
1413393308.255760431 -0.24681 2.14948 0.30689 0.71721 -0.38805 0.50365 0.28525
1413393308.305760384 -0.22123 2.15008 0.31326 0.71049 -0.39813 0.50130 0.29223
1413393308.355760574 -0.19503 2.15095 0.31941 0.70402 -0.40828 0.49886 0.29801
1413393308.455760479 -0.14231 2.15381 0.33149 0.69078 -0.43063 0.49325 0.30674
1413393308.555760384 -0.08953 2.15702 0.33809 0.67853 -0.45458 0.48538 0.31203
1413393308.605760574 -0.06294 2.15848 0.33814 0.67165 -0.46623 0.48165 0.31549
1413393308.655760527 -0.03669 2.15945 0.33567 0.66458 -0.47880 0.47752 0.31789
1413393308.705760479 -0.01083 2.15953 0.33137 0.65679 -0.49118 0.47392 0.32059
1413393308.755760431 0.01375 2.15941 0.32600 0.64820 -0.50247 0.47087 0.32502
1413393308.805760384 0.03587 2.15934 0.31883 0.63884 -0.51208 0.46897 0.33125
1413393308.855760574 0.05507 2.15936 0.30941 0.63013 -0.51952 0.46618 0.34016
1413393308.905760527 0.07214 2.15894 0.29813 0.62161 -0.52685 0.46318 0.34856
1413393308.955760479 0.08768 2.15798 0.28682 0.61355 -0.53357 0.45969 0.35712
1413393309.005760431 0.10157 2.15707 0.27543 0.60595 -0.53984 0.45546 0.36600
1413393309.055760384 0.11402 2.15635 0.26390 0.59883 -0.54720 0.45105 0.37220
1413393309.105760574 0.12534 2.15566 0.25313 0.59106 -0.55318 0.44774 0.37970
1413393309.155760527 0.13631 2.15508 0.24277 0.58429 -0.56005 0.44312 0.38548
1413393309.255760431 0.15923 2.15482 0.22672 0.57338 -0.56985 0.43553 0.39600
1413393309.355760574 0.18169 2.15598 0.21354 -0.56937 0.57321 -0.42682 -0.40628
1413393309.555760384 0.22860 2.16161 0.19410 -0.57444 0.57481 -0.41236 -0.41178
1413393309.655760527 0.25464 2.16363 0.18544 0.58185 -0.57702 0.40488 0.40568
1413393309.755760431 0.28212 2.16217 0.17909 0.58477 -0.57952 0.40431 0.39841
1413393309.855760574 0.30994 2.15767 0.17350 -0.58277 0.58294 -0.41111 -0.38929
1413393309.955760479 0.33487 2.14927 0.16895 -0.58115 0.58554 -0.41613 -0.38241
1413393310.105760574 0.36542 2.13005 0.16418 -0.57826 0.58593 -0.42345 -0.37815
1413393310.205760479 0.38137 2.11258 0.16203 0.57971 -0.57900 0.42307 0.38692
1413393310.305760384 0.39392 2.09442 0.16142 0.58414 -0.57057 0.41792 0.39822
1413393310.555760384 0.41977 2.04661 0.15855 0.58549 -0.56583 0.41587 0.40507
1413393310.705760479 0.43555 2.01778 0.15467 0.57839 -0.57361 0.42504 0.39469
1413393310.855760574 0.44521 1.98826 0.15084 -0.57335 0.58117 -0.42996 -0.38555
1413393311.005760431 0.44620 1.95486 0.14602 -0.57938 0.57941 -0.41598 -0.39441
1413393311.155760527 0.44219 1.91634 0.13508 0.58222 -0.57987 0.40473 0.40120
1413393311.405760527 0.43263 1.84002 0.08064 -0.57954 0.58407 -0.40235 -0.40138
1413393311.605760574 0.42317 1.76409 0.04159 0.58314 -0.58230 0.39538 0.40565
1413393311.755760431 0.41929 1.69700 0.02540 0.58136 -0.57664 0.39993 0.41177
1413393311.855760574 0.41984 1.64804 0.01850 0.58046 -0.57154 0.40556 0.41465
1413393311.955760479 0.42312 1.59910 0.01301 0.58205 -0.56658 0.41109 0.41378
1413393312.055760384 0.42894 1.55073 0.00962 0.58346 -0.55758 0.41808 0.41700
1413393312.155760527 0.43727 1.50530 0.00659 0.58553 -0.54943 0.42323 0.41972
1413393312.255760431 0.44779 1.46520 0.00425 0.58816 -0.54853 0.42499 0.41540
1413393312.355760574 0.46025 1.42708 0.00235 0.58457 -0.55413 0.43275 0.40490
1413393312.455760479 0.47280 1.38953 -0.00055 0.58211 -0.56235 0.43824 0.39096
1413393312.655760527 0.48765 1.32256 -0.00133 0.58377 -0.56267 0.43603 0.39052
1413393312.805760384 0.49157 1.27561 -0.00049 0.58962 -0.55709 0.42848 0.39800
1413393312.955760479 0.49567 1.22976 0.00230 0.58858 -0.55286 0.43535 0.39797
1413393313.005760431 0.49725 1.21597 0.00494 0.58611 -0.54955 0.44164 0.39928
1413393313.155760527 0.50100 1.17877 0.01131 0.59919 -0.54500 0.43449 0.39390
1413393313.305760384 0.50526 1.14421 0.02536 0.61072 -0.53991 0.43127 0.38670
1413393313.455760479 0.50999 1.11201 0.04025 0.61129 -0.53881 0.43817 0.37949
1413393313.555760384 0.51166 1.08804 0.04777 0.60394 -0.53858 0.44877 0.37919
1413393313.655760527 0.50878 1.06763 0.04913 0.59168 -0.54121 0.46040 0.38083
1413393313.755760431 0.49892 1.05342 0.04638 0.58239 -0.54128 0.46267 0.39215
1413393313.855760574 0.48360 1.04879 0.04246 0.57816 -0.54217 0.45691 0.40375
1413393313.905760527 0.47552 1.04981 0.03753 0.57985 -0.54657 0.44807 0.40529
1413393313.955760479 0.46674 1.05007 0.03425 0.58139 -0.55332 0.43866 0.40423
1413393314.005760431 0.45691 1.05052 0.03196 0.58217 -0.56005 0.43010 0.40304
1413393314.055760384 0.44667 1.05129 0.03123 0.58222 -0.56705 0.42264 0.40106
1413393314.155760527 0.42515 1.05303 0.03127 0.58111 -0.57362 0.41644 0.39982
1413393314.405760527 0.37508 1.04348 0.03752 0.59729 -0.55857 0.41721 0.39646
1413393314.505760431 0.35839 1.03663 0.03829 0.61181 -0.54567 0.42173 0.38741
1413393314.555760384 0.35046 1.03180 0.03841 0.61978 -0.53661 0.42634 0.38229
1413393314.605760574 0.34399 1.02723 0.03846 0.62845 -0.52776 0.43005 0.37626
1413393314.655760527 0.33925 1.02267 0.03824 0.63762 -0.51830 0.43393 0.36948
1413393314.705760479 0.33540 1.01770 0.03797 0.64621 -0.50911 0.43753 0.36302
1413393314.755760431 0.33226 1.01224 0.03704 0.65361 -0.50189 0.44063 0.35600
1413393314.805760384 0.33045 1.00616 0.03566 0.66034 -0.49485 0.44363 0.34967
1413393314.855760574 0.32974 0.99965 0.03342 0.66611 -0.48853 0.44745 0.34266
1413393314.905760527 0.32983 0.99167 0.03081 0.67195 -0.48240 0.45068 0.33565
1413393314.955760479 0.33153 0.98286 0.02806 0.67743 -0.47550 0.45481 0.32883
1413393315.005760431 0.33406 0.97245 0.02485 0.68224 -0.46956 0.45894 0.32161
1413393315.055760384 0.33736 0.96056 0.02101 0.68550 -0.46500 0.46285 0.31564
1413393315.155760527 0.34556 0.93305 0.01210 0.69151 -0.45667 0.46743 0.30787
1413393315.305760384 0.36210 0.88377 -0.00351 0.69630 -0.44338 0.46923 0.31370
1413393315.405760527 0.37766 0.84792 -0.01502 0.69587 -0.43466 0.46975 0.32583
1413393315.505760431 0.39927 0.81304 -0.02564 0.69233 -0.42987 0.47211 0.33615
1413393315.605760574 0.42765 0.78171 -0.03406 0.68751 -0.43015 0.47611 0.34003
1413393315.705760479 0.46217 0.75509 -0.03279 0.68151 -0.43306 0.48282 0.33894
1413393315.805760384 0.49945 0.73391 -0.01781 0.67756 -0.43972 0.48740 0.33168
1413393315.905760527 0.53688 0.71804 0.00944 0.67413 -0.44638 0.49179 0.32318
1413393316.005760431 0.57413 0.70318 0.04029 0.67336 -0.44798 0.49330 0.32024
1413393316.155760527 0.62933 0.68089 0.08831 0.67483 -0.44471 0.49210 0.32353
1413393316.255760431 0.66720 0.66639 0.12481 0.67624 -0.44055 0.49134 0.32741
1413393316.355760574 0.70563 0.65474 0.16170 0.67711 -0.43929 0.49203 0.32627
1413393316.455760479 0.74599 0.64484 0.19903 0.67839 -0.43940 0.49246 0.32280
1413393316.555760384 0.78718 0.63660 0.23569 0.67987 -0.44006 0.49260 0.31854
1413393316.655760527 0.82871 0.63014 0.26953 0.68250 -0.43998 0.49136 0.31492
1413393316.755760431 0.87008 0.62465 0.29531 0.68618 -0.43919 0.48896 0.31174
1413393316.855760574 0.91289 0.61868 0.31119 0.68913 -0.43737 0.48814 0.30908
1413393316.955760479 0.95643 0.61201 0.31465 0.69154 -0.43498 0.48819 0.30698
1413393317.055760384 1.00169 0.60658 0.31278 0.69122 -0.43106 0.49125 0.30836
1413393317.155760527 1.04899 0.59872 0.29872 0.68825 -0.42621 0.49762 0.31150
1413393317.255760431 1.08924 0.59169 0.28861 0.68503 -0.42288 0.50243 0.31539
1413393317.355760574 1.13366 0.58970 0.27989 0.68215 -0.42181 0.50584 0.31761
1413393317.505760431 1.20500 0.59365 0.26838 0.68051 -0.42203 0.50607 0.32046
1413393317.655760527 1.27246 0.60724 0.24335 0.67901 -0.42463 0.50591 0.32045
1413393317.755760431 1.31963 0.62000 0.21594 0.67771 -0.42765 0.50582 0.31931
1413393317.855760574 1.36788 0.63722 0.19155 0.67761 -0.43039 0.50350 0.31951
1413393318.005760431 1.43571 0.66958 0.15648 0.67926 -0.43425 0.49567 0.32303
1413393318.105760574 1.47929 0.69401 0.13262 0.67906 -0.44071 0.49148 0.32110
1413393318.205760479 1.52202 0.72052 0.10836 0.67732 -0.44899 0.48959 0.31614
1413393318.305760384 1.56722 0.74791 0.08192 0.67255 -0.45636 0.49265 0.31098
1413393318.405760527 1.60880 0.77468 0.05505 0.66897 -0.46126 0.49498 0.30776
1413393318.505760431 1.64866 0.79908 0.02493 0.66643 -0.46399 0.49659 0.30657
1413393318.655760527 1.69971 0.83598 -0.02262 0.66478 -0.46535 0.49736 0.30683
1413393318.805760384 1.74445 0.86952 -0.06086 0.66423 -0.46466 0.49876 0.30680
1413393318.955760479 1.77862 0.90182 -0.08625 0.65945 -0.45682 0.50672 0.31570
1413393319.105760574 1.80049 0.93629 -0.10565 0.66003 -0.45448 0.50774 0.31625
1413393319.205760479 1.81269 0.96645 -0.10803 0.66469 -0.45779 0.50273 0.30965
1413393319.305760384 1.81989 0.99650 -0.10997 0.67014 -0.46123 0.49642 0.30290
1413393319.405760527 1.82594 1.02553 -0.11635 0.67457 -0.46361 0.49078 0.29858
1413393319.505760431 1.83010 1.05151 -0.12977 0.67870 -0.46616 0.48573 0.29349
1413393319.555760384 1.83089 1.06331 -0.13780 0.68056 -0.46932 0.48329 0.28812
1413393319.655760527 1.83124 1.08167 -0.15862 0.68342 -0.47481 0.47983 0.27796
1413393319.755760431 1.82671 1.09098 -0.17939 0.68549 -0.47298 0.47848 0.27830
1413393319.855760574 1.82271 1.08979 -0.20315 0.68865 -0.46220 0.47663 0.29147
1413393319.955760479 1.82056 1.08638 -0.23172 0.68917 -0.45204 0.47792 0.30380
1413393320.005760431 1.81981 1.08354 -0.24760 0.68884 -0.44809 0.47907 0.30855
1413393320.055760384 1.81999 1.08055 -0.26388 0.68811 -0.44546 0.48051 0.31172
1413393320.105760574 1.82056 1.07770 -0.28065 0.68646 -0.44309 0.48312 0.31470
1413393320.155760527 1.82174 1.07446 -0.29732 0.68370 -0.44074 0.48684 0.31826
1413393320.205760479 1.82356 1.07132 -0.31382 0.68031 -0.43934 0.49112 0.32086
1413393320.255760431 1.82608 1.06889 -0.32871 0.67819 -0.43864 0.49336 0.32289
1413393320.305760384 1.82894 1.06745 -0.34198 0.67807 -0.44059 0.49240 0.32194
1413393320.355760574 1.83231 1.06649 -0.35125 0.67830 -0.44275 0.49108 0.32051
1413393320.405760527 1.83622 1.06621 -0.35687 0.67987 -0.44621 0.48818 0.31679
1413393320.455760479 1.84060 1.06633 -0.35935 0.68193 -0.44939 0.48418 0.31399
1413393320.555760384 1.85109 1.06678 -0.35754 0.68467 -0.45208 0.47826 0.31324
1413393320.605760574 1.85692 1.06706 -0.35908 0.68473 -0.45295 0.47704 0.31371
1413393320.655760527 1.86363 1.06689 -0.36640 0.68587 -0.45318 0.47425 0.31512
1413393320.705760479 1.87102 1.06654 -0.37985 0.68610 -0.45344 0.47330 0.31568
1413393320.755760431 1.87920 1.06607 -0.40019 0.68512 -0.45315 0.47426 0.31678
1413393320.805760384 1.88783 1.06581 -0.42717 0.68328 -0.45300 0.47671 0.31728
1413393320.905760527 1.88496 1.07049 -0.41777 0.67223 -0.44523 0.48902 0.33276
1413393320.955760479 1.88015 1.07312 -0.40926 0.68293 -0.44908 0.47310 0.32880
1413393321.005760431 1.87660 1.07552 -0.40626 0.69188 -0.44956 0.46026 0.32764
1413393321.055760384 1.87335 1.07821 -0.41047 0.69423 -0.44827 0.45848 0.32694
1413393321.105760574 1.87106 1.08075 -0.42472 0.68963 -0.44744 0.46601 0.32717
1413393321.155760527 1.86707 1.08324 -0.43440 0.66868 -0.44823 0.49617 0.32521
1413393321.205760479 1.86341 1.08616 -0.42234 0.66462 -0.44093 0.50007 0.33732
1413393321.305760384 1.86430 1.08798 -0.42914 0.67483 -0.45034 0.47872 0.33559
1413393321.405760527 1.86045 1.08785 -0.42886 0.66780 -0.45211 0.48953 0.33166
