1403636582.063555479 -0.00344 0.00073 -0.05322 0.83075 0.03163 0.55508 -0.02701
1403636582.163555384 -0.01304 0.00170 -0.09187 0.83907 0.03356 0.54224 -0.02836
1403636582.263555527 -0.01648 0.00132 -0.10325 0.84387 0.03605 0.53448 -0.03006
1403636582.363555431 -0.01311 0.00689 -0.07508 0.84293 0.03682 0.53576 -0.03283
1403636582.463555574 -0.01083 0.01018 -0.02176 0.83519 0.03623 0.54771 -0.03409
1403636582.563555479 -0.00670 0.01233 0.04399 0.82871 0.03593 0.55768 -0.03064
1403636582.663555384 -0.00757 0.00984 0.11198 0.82564 0.03441 0.56259 -0.02488
1403636582.763555527 -0.00276 0.00847 0.17827 0.82250 0.03027 0.56746 -0.02387
1403636582.863555431 0.00159 0.00457 0.24378 0.81619 0.02149 0.57700 -0.02101
1403636582.963555574 0.00334 0.00201 0.30104 0.80656 0.01586 0.59062 -0.01945
1403636583.063555479 -0.00152 -0.00708 0.33686 0.79845 0.01528 0.60159 -0.01818
1403636583.363555431 -0.00306 -0.00460 0.26432 0.80154 0.02044 0.59743 -0.01380
1403636583.463555574 -0.00097 -0.00570 0.19888 0.80490 0.02436 0.59266 -0.01696
1403636583.563555479 0.00367 -0.00048 0.12794 0.80934 0.02788 0.58643 -0.01704
1403636583.663555384 0.00335 -0.01037 0.05541 0.81748 0.02881 0.57497 -0.01764
1403636583.763555527 0.00123 -0.00942 -0.00995 0.83014 0.02572 0.55641 -0.02464
1403636583.863555431 -0.00068 -0.00889 -0.06472 0.83998 0.02416 0.54144 -0.02619
1403636583.963555574 -0.00439 -0.00914 -0.10365 0.84429 0.03026 0.53453 -0.02318
1403636584.063555479 -0.00843 -0.00749 -0.11928 0.84477 0.03655 0.53318 -0.02730
1403636584.163555384 -0.00766 -0.00538 -0.10666 0.84464 0.03977 0.53292 -0.03171
1403636584.263555527 -0.00316 -0.00374 -0.06736 0.84364 0.04086 0.53438 -0.03218
1403636584.363555431 0.00321 -0.00258 -0.01147 0.84149 0.04156 0.53781 -0.03044
1403636584.463555574 0.01286 -0.00343 0.05594 0.83853 0.04231 0.54279 -0.02152
1403636584.563555479 0.02200 -0.00326 0.12902 0.83209 0.04016 0.55285 -0.01928
1403636584.663555384 0.03004 -0.00286 0.20220 0.82159 0.03426 0.56881 -0.01640
1403636584.763555527 0.03403 -0.00210 0.26782 0.80965 0.02891 0.58608 -0.01222
1403636584.863555431 0.03799 -0.00180 0.31723 0.80082 0.02488 0.59825 -0.01240
1403636584.963555574 0.03234 0.00137 0.34940 0.79668 0.02070 0.60385 -0.01548
1403636585.163555384 0.03354 0.00158 0.32455 0.80113 0.01474 0.59817 -0.01304
1403636585.263555527 0.03446 -0.00172 0.28114 0.80491 0.01471 0.59318 -0.00624
1403636585.363555431 0.03524 -0.00595 0.22881 0.80827 0.01900 0.58850 0.00100
1403636585.463555574 0.03446 -0.00937 0.17503 0.81295 0.02445 0.58182 0.00105
1403636585.563555479 0.02858 -0.01230 0.12381 0.81919 0.03196 0.57261 -0.00477
1403636585.663555384 0.01770 -0.01478 0.08338 0.82635 0.03842 0.56160 -0.01684
1403636585.763555527 0.00455 -0.01531 0.05973 0.83469 0.04054 0.54849 -0.02835
1403636585.863555431 -0.00471 -0.01567 0.04949 0.84398 0.03993 0.53348 -0.03886
1403636585.963555574 -0.01331 -0.01570 0.04896 0.85458 0.03786 0.51614 -0.04321
1403636586.063555479 -0.01866 -0.01651 0.05068 0.86743 0.03086 0.49531 -0.03573
1403636586.163555384 -0.02507 -0.01392 0.05610 0.87773 0.02174 0.47786 -0.02772
1403636586.263555527 -0.03227 -0.01004 0.06106 0.88641 0.01762 0.46178 -0.02682
1403636586.363555431 -0.04177 -0.00887 0.06446 0.89581 0.01362 0.44337 -0.02760
1403636586.463555574 -0.05318 -0.01013 0.06649 0.90462 0.01175 0.42511 -0.02829
1403636586.563555479 -0.06304 -0.01492 0.07002 0.91097 0.01460 0.41122 -0.02851
1403636586.863555431 -0.05968 -0.03990 0.07944 0.90667 0.01907 0.41978 -0.03696
1403636587.063555479 -0.04918 -0.04376 0.07881 0.90419 0.02980 0.42421 -0.04002
1403636587.263555527 -0.03621 -0.05659 0.07852 0.90746 0.03429 0.41682 -0.04004
1403636587.363555431 -0.02741 -0.07308 0.07779 0.90830 0.03176 0.41522 -0.03984
1403636587.463555574 -0.01802 -0.09624 0.07716 0.90937 0.02810 0.41307 -0.04028
1403636587.563555479 -0.00915 -0.12646 0.07697 0.91030 0.02403 0.41118 -0.04134
1403636587.663555384 0.00037 -0.16192 0.07789 0.90943 0.01848 0.41349 -0.04041
1403636587.763555527 0.01025 -0.19919 0.08015 0.90664 0.01058 0.41998 -0.03871
1403636587.863555431 0.01928 -0.23722 0.08091 0.90525 0.00311 0.42338 -0.03555
1403636587.963555574 0.02579 -0.27310 0.07815 0.90747 -0.00301 0.41901 -0.03015
1403636588.063555479 0.03066 -0.30467 0.07384 0.91188 -0.00968 0.40968 -0.02348
1403636588.163555384 0.03443 -0.32859 0.06898 0.91409 -0.01114 0.40475 -0.02233
1403636588.263555527 0.03748 -0.34505 0.06458 0.91386 -0.01059 0.40521 -0.02375
1403636588.663555384 0.02828 -0.32290 0.06607 0.91137 -0.01064 0.41058 -0.02680
1403636588.763555527 0.01968 -0.29774 0.06779 0.91214 -0.00735 0.40872 -0.03005
1403636588.863555431 0.01106 -0.26687 0.06814 0.91306 -0.00391 0.40645 -0.03327
1403636588.963555574 0.00151 -0.23003 0.07028 0.91260 0.00031 0.40713 -0.03750
1403636589.063555479 -0.00946 -0.18942 0.07482 0.91061 0.00593 0.41112 -0.04171
1403636589.163555384 -0.02040 -0.14659 0.08095 0.90826 0.01163 0.41584 -0.04491
1403636589.263555527 -0.03151 -0.10073 0.08655 0.90763 0.01572 0.41680 -0.04744
1403636589.363555431 -0.04271 -0.05323 0.08914 0.90888 0.02171 0.41349 -0.04985
1403636589.463555574 -0.05288 -0.00678 0.09029 0.90964 0.02741 0.41142 -0.05034
1403636589.563555479 -0.06367 0.04072 0.09030 0.90858 0.03002 0.41329 -0.05259
1403636589.663555384 -0.07425 0.08696 0.09000 0.90732 0.03342 0.41563 -0.05384
1403636589.763555527 -0.08499 0.13245 0.08848 0.90696 0.03721 0.41563 -0.05731
1403636589.863555431 -0.09441 0.17251 0.08491 0.90872 0.04365 0.41041 -0.06244
1403636589.963555574 -0.10251 0.20691 0.08058 0.91024 0.04944 0.40523 -0.06935
1403636590.063555479 -0.10898 0.23435 0.07880 0.90842 0.05419 0.40755 -0.07573
1403636590.163555384 -0.11374 0.25223 0.07985 0.90505 0.05748 0.41355 -0.08099
1403636590.463555574 -0.11820 0.22760 0.08712 0.90535 0.05641 0.41461 -0.07254
1403636590.563555479 -0.11635 0.19659 0.09097 0.90461 0.05371 0.41761 -0.06630
1403636590.663555384 -0.11243 0.15895 0.09410 0.90394 0.05030 0.42017 -0.06170
1403636590.763555527 -0.10645 0.11726 0.09499 0.90508 0.04567 0.41874 -0.05824
1403636590.863555431 -0.09820 0.07306 0.09282 0.90774 0.04142 0.41331 -0.05887
1403636590.963555574 -0.08856 0.02604 0.09018 0.90954 0.03870 0.40979 -0.05746
1403636591.063555479 -0.07773 -0.01977 0.08738 0.90916 0.03829 0.41047 -0.05890
1403636591.163555384 -0.06639 -0.06336 0.08534 0.90889 0.03679 0.41085 -0.06131
1403636591.263555527 -0.05556 -0.10332 0.08250 0.90983 0.03450 0.40898 -0.06129
1403636591.363555431 -0.04662 -0.13564 0.07715 0.91120 0.03110 0.40656 -0.05878
1403636591.463555574 -0.03897 -0.15866 0.06929 0.91163 0.02702 0.40603 -0.05781
1403636591.563555479 -0.03021 -0.17656 0.06089 0.91002 0.02147 0.41077 -0.05156
1403636591.663555384 -0.02104 -0.18842 0.05356 0.90389 0.01107 0.42561 -0.04135
1403636591.763555527 -0.01345 -0.19446 0.04988 0.89483 0.00537 0.44519 -0.03253
1403636591.863555431 -0.00624 -0.19916 0.05005 0.88601 -0.00171 0.46300 -0.02494
1403636591.963555574 0.00147 -0.20394 0.05043 0.88337 -0.01090 0.46807 -0.02107
1403636592.063555479 0.01356 -0.21254 0.05012 0.88673 -0.02202 0.46144 -0.01747
1403636592.163555384 0.03423 -0.22330 0.04721 0.89016 -0.03351 0.45421 -0.01372
1403636592.263555527 0.05772 -0.23334 0.04514 0.89428 -0.03921 0.44565 -0.01139
1403636592.363555431 0.08523 -0.23777 0.04393 0.89763 -0.04034 0.43865 -0.01484
1403636592.463555574 0.11651 -0.23313 0.04431 0.89910 -0.03448 0.43579 -0.02261
1403636592.563555479 0.14923 -0.21832 0.04598 0.89601 -0.02158 0.44237 -0.03178
1403636592.663555384 0.17989 -0.19428 0.04635 0.89173 -0.00379 0.45075 -0.04030
1403636592.763555527 0.20514 -0.16101 0.04567 0.88963 0.01595 0.45347 -0.05172
1403636592.863555431 0.22036 -0.11660 0.04420 0.88913 0.03773 0.45057 -0.07072
1403636592.963555574 0.22162 -0.06354 0.04183 0.88950 0.06044 0.44398 -0.08955
1403636593.063555479 0.20599 -0.00468 0.04100 0.88904 0.08352 0.43709 -0.10767
1403636593.163555384 0.17500 0.05447 0.04240 0.88691 0.10493 0.43241 -0.12413
1403636593.263555527 0.13185 0.10881 0.04572 0.88429 0.11723 0.42865 -0.14335
1403636593.363555431 0.08229 0.14915 0.04804 0.88425 0.12566 0.42317 -0.15246
1403636593.463555574 0.03047 0.17059 0.04714 0.88545 0.12884 0.41964 -0.15259
1403636593.563555479 -0.02003 0.17263 0.04310 0.88854 0.12240 0.41674 -0.14779
1403636593.663555384 -0.06618 0.15857 0.03635 0.89437 0.10748 0.41027 -0.14219
1403636593.763555527 -0.10610 0.12840 0.02966 0.90134 0.08448 0.40453 -0.12964
1403636593.863555431 -0.13832 0.08518 0.02491 0.90502 0.05253 0.40739 -0.11055
1403636593.963555574 -0.16158 0.03372 0.02349 0.90400 0.01700 0.41813 -0.08750
1403636594.063555479 -0.17362 -0.02197 0.02477 0.90152 -0.01654 0.42799 -0.06179
1403636594.163555384 -0.17059 -0.07815 0.02515 0.90056 -0.04669 0.43032 -0.04046
1403636594.263555527 -0.15105 -0.13355 0.02304 0.90073 -0.06722 0.42856 -0.02224
1403636594.363555431 -0.11595 -0.18795 0.02122 0.90029 -0.07747 0.42828 -0.00685
1403636594.463555574 -0.06716 -0.23684 0.01986 0.89713 -0.07944 0.43454 0.00486
1403636594.563555479 -0.01167 -0.27365 0.01883 0.89196 -0.07864 0.44515 0.00846
1403636594.663555384 0.04167 -0.28911 0.01781 0.88809 -0.07874 0.45283 0.00556
1403636594.763555527 0.08739 -0.27902 0.01585 0.88641 -0.07118 0.45740 -0.00068
1403636594.863555431 0.12401 -0.24287 0.01181 0.88529 -0.05191 0.46196 -0.01269
1403636594.963555574 0.14718 -0.18345 0.00872 0.88383 -0.02206 0.46648 -0.02761
1403636595.063555479 0.15334 -0.10780 0.00615 0.88258 0.01360 0.46717 -0.05120
1403636595.163555384 0.14614 -0.02908 0.00262 0.88267 0.04695 0.46157 -0.07516
1403636595.263555527 0.12691 0.04116 -0.00027 0.88222 0.07448 0.45423 -0.09911
1403636595.363555431 0.09768 0.09244 -0.00197 0.88136 0.09610 0.44794 -0.11545
1403636595.463555574 0.06496 0.11853 -0.00272 0.88102 0.10664 0.44402 -0.12358
1403636595.563555479 0.03218 0.11584 -0.00385 0.88248 0.11070 0.43945 -0.12593
1403636595.663555384 0.00208 0.08701 -0.00644 0.88514 0.10905 0.43577 -0.12136
1403636595.763555527 -0.02354 0.03896 -0.01110 0.88818 0.09845 0.43575 -0.10753
1403636595.863555431 -0.04536 -0.02043 -0.01697 0.89114 0.07893 0.43866 -0.08496
1403636595.963555574 -0.06643 -0.07995 -0.02286 0.89453 0.05383 0.43911 -0.06400
1403636596.063555479 -0.09271 -0.12929 -0.02667 0.89850 0.02920 0.43579 -0.04395
1403636596.163555384 -0.12437 -0.15658 -0.02791 0.90094 0.00864 0.43270 -0.03164
1403636596.263555527 -0.15971 -0.15576 -0.02332 0.90060 -0.00266 0.43368 -0.02911
1403636596.363555431 -0.20067 -0.13334 -0.01226 0.89879 -0.00784 0.43732 -0.02943
1403636596.463555574 -0.24580 -0.10071 0.00145 0.89617 -0.00540 0.44280 -0.02783
1403636596.563555479 -0.28601 -0.06779 0.01321 0.89382 0.00137 0.44762 -0.02693
1403636596.663555384 -0.31506 -0.04018 0.02053 0.89430 0.00384 0.44670 -0.02591
1403636596.763555527 -0.32660 -0.02306 0.02253 0.89476 0.00802 0.44571 -0.02593
1403636596.863555431 -0.31434 -0.01811 0.02052 0.89217 0.01240 0.45091 -0.02346
1403636596.963555574 -0.27955 -0.02160 0.01752 0.89075 0.01584 0.45382 -0.01896
1403636597.063555479 -0.22648 -0.02954 0.01280 0.89428 0.01681 0.44687 -0.01686
1403636597.163555384 -0.16226 -0.03840 0.00875 0.89903 0.02274 0.43676 -0.02177
1403636597.263555527 -0.09126 -0.04651 0.01045 0.90017 0.03472 0.43316 -0.02944
1403636597.363555431 -0.01912 -0.05013 0.01497 0.89775 0.04912 0.43609 -0.03824
1403636597.463555574 0.04841 -0.04757 0.01828 0.89466 0.06596 0.43945 -0.04610
1403636597.563555479 0.10041 -0.03692 0.01910 0.89049 0.08453 0.44324 -0.05840
1403636597.663555384 0.12763 -0.01752 0.01809 0.88435 0.10032 0.44929 -0.07743
1403636597.763555527 0.13088 0.00611 0.01508 0.87790 0.11430 0.45560 -0.09306
1403636597.863555431 0.11268 0.02654 0.01278 0.87272 0.12571 0.46098 -0.10025
1403636597.963555574 0.07643 0.03979 0.01102 0.87048 0.13669 0.46183 -0.10150
1403636598.063555479 0.03239 0.04472 0.00724 0.87260 0.14192 0.45643 -0.10054
1403636598.163555384 -0.01338 0.04257 0.00014 0.87906 0.14181 0.44428 -0.09880
1403636598.263555527 -0.05166 0.03408 -0.01131 0.88801 0.14175 0.42776 -0.09142
1403636598.363555431 -0.07352 0.02254 -0.02482 0.89387 0.14027 0.41773 -0.08255
1403636598.463555574 -0.07461 0.01103 -0.03981 0.89534 0.13836 0.41659 -0.07537
1403636598.563555479 -0.05621 0.00237 -0.05378 0.89163 0.13962 0.42373 -0.07720
1403636598.663555384 -0.02421 -0.00318 -0.06684 0.88402 0.14298 0.43677 -0.08548
1403636598.763555527 0.01250 -0.00661 -0.08304 0.87315 0.14841 0.45380 -0.09825
1403636598.863555431 0.04639 -0.00829 -0.10488 0.86101 0.15027 0.47337 -0.10955
1403636598.963555574 0.07589 -0.01095 -0.12903 0.85118 0.14872 0.49049 -0.11314
1403636599.063555479 0.09856 -0.01229 -0.15111 0.84255 0.14821 0.50425 -0.11783
1403636599.163555384 0.11500 -0.01259 -0.16624 0.83017 0.14729 0.52179 -0.12984
1403636599.263555527 0.12957 -0.01182 -0.17609 0.81287 0.14308 0.54823 -0.13497
1403636599.363555431 0.14048 -0.01074 -0.18692 0.80034 0.13746 0.56706 -0.13787
1403636599.463555574 0.15195 -0.00978 -0.19496 0.79640 0.13533 0.57460 -0.13139
1403636599.563555479 0.15869 -0.00910 -0.20408 0.80036 0.12816 0.57192 -0.12610
1403636599.663555384 0.16199 -0.00958 -0.21283 0.80447 0.12533 0.56758 -0.12234
1403636599.863555431 0.16239 -0.01306 -0.21667 0.78994 0.12212 0.58747 -0.12638
1403636623.763555527 0.16208 -0.01762 -0.21887 0.78780 0.11358 0.59052 -0.13323
1403636624.363555431 0.16106 -0.01967 -0.21843 0.79359 0.11213 0.58403 -0.12861
1403636624.463555574 0.15887 -0.02468 -0.21817 0.79892 0.11101 0.57760 -0.12562
1403636624.563555479 0.15507 -0.03196 -0.21745 0.80404 0.10958 0.57158 -0.12168
1403636624.663555384 0.15151 -0.04172 -0.21671 0.80340 0.11075 0.57321 -0.11707
1403636624.763555527 0.14605 -0.05568 -0.21735 0.80144 0.11450 0.57638 -0.11120
1403636624.863555431 0.13788 -0.07199 -0.21515 0.80480 0.12403 0.57193 -0.09911
1403636624.963555574 0.12737 -0.08907 -0.20516 0.81135 0.13495 0.56243 -0.08471
1403636625.063555479 0.11581 -0.10347 -0.18643 0.81765 0.14094 0.55289 -0.07678
1403636625.163555384 0.10226 -0.11853 -0.15987 0.82242 0.13935 0.54579 -0.07955
1403636625.263555527 0.10247 -0.11399 -0.13108 0.81994 0.13493 0.54949 -0.08692
1403636625.363555431 0.10339 -0.11270 -0.11444 0.81658 0.13287 0.55414 -0.09208
1403636625.563555479 0.10460 -0.11336 -0.12280 0.82025 0.13509 0.54803 -0.09276
1403636625.763555527 0.12208 -0.10299 -0.10450 0.81441 0.13680 0.55596 -0.09448
1403636625.863555431 0.13640 -0.08863 -0.06988 0.80807 0.13534 0.56487 -0.09812
1403636625.963555574 0.15426 -0.08185 -0.02696 0.80439 0.13392 0.56991 -0.10111
1403636626.063555479 0.15966 -0.07376 0.02515 0.80253 0.13115 0.57223 -0.10630
1403636626.163555384 0.17318 -0.06273 0.06912 0.80228 0.12538 0.57214 -0.11524
1403636626.263555527 0.18478 -0.05662 0.10528 0.80218 0.12137 0.57185 -0.12146
1403636626.463555574 0.20078 -0.05679 0.13784 0.80072 0.12404 0.57382 -0.11911
1403636626.563555479 0.21169 -0.06123 0.14144 0.79602 0.12857 0.58030 -0.11436
1403636626.863555431 0.21193 -0.09232 0.13294 0.79672 0.13806 0.57800 -0.10994
1403636626.963555574 0.20792 -0.10151 0.12088 0.80173 0.14012 0.57085 -0.10830
1403636627.063555479 0.20169 -0.11342 0.10852 0.80645 0.14131 0.56418 -0.10663
1403636627.363555431 0.18612 -0.14755 0.12788 0.80193 0.14026 0.57027 -0.10964
1403636627.563555479 0.17384 -0.16403 0.17807 0.80352 0.13233 0.56993 -0.10968
1403636627.663555384 0.16889 -0.17476 0.18406 0.80724 0.12612 0.56706 -0.10440
1403636627.763555527 0.16228 -0.19234 0.17769 0.81470 0.11921 0.55928 -0.09619
1403636627.863555431 0.15768 -0.20832 0.16736 0.82226 0.11059 0.55157 -0.08619
1403636627.963555574 0.15718 -0.22296 0.16047 0.82747 0.10416 0.54629 -0.07750
1403636628.063555479 0.16473 -0.23397 0.16355 0.82756 0.09866 0.54793 -0.07200
1403636628.163555384 0.17778 -0.24331 0.17879 0.81951 0.09231 0.56100 -0.07179
1403636628.263555527 0.19201 -0.24866 0.19953 0.81179 0.08524 0.57270 -0.07577
1403636628.363555431 0.20714 -0.26197 0.22397 0.80876 0.07957 0.57703 -0.08135
1403636628.863555431 0.26757 -0.35077 0.27999 0.81607 0.07588 0.56841 -0.07205
1403636628.963555574 0.28243 -0.38166 0.27401 0.82100 0.07276 0.56263 -0.06413
1403636629.063555479 0.29153 -0.40643 0.28639 0.82399 0.06874 0.55925 -0.05965
1403636629.163555384 0.30464 -0.43421 0.30427 0.82500 0.06351 0.55891 -0.05437
1403636629.263555527 0.31963 -0.46146 0.31688 0.82420 0.05438 0.56159 -0.04848
1403636629.363555431 0.34221 -0.48990 0.32154 0.82218 0.04476 0.56555 -0.04648
1403636629.463555574 0.36356 -0.51530 0.32496 0.81906 0.03273 0.57077 -0.04778
1403636629.563555479 0.38709 -0.54472 0.31902 0.81891 0.01838 0.57187 -0.04477
1403636629.663555384 0.41550 -0.57056 0.30280 0.82408 0.00530 0.56550 -0.03287
1403636629.763555527 0.43938 -0.61261 0.28396 0.82974 -0.00914 0.55779 -0.01778
1403636629.863555431 0.47036 -0.64896 0.26028 0.83287 -0.02649 0.55283 -0.00283
1403636629.963555574 0.50559 -0.68542 0.23800 0.83379 -0.04189 0.55039 0.00991
1403636630.063555479 0.54183 -0.72218 0.22339 0.83234 -0.05279 0.55144 0.01826
1403636630.163555384 0.58371 -0.75841 0.21881 0.82543 -0.06016 0.56077 0.02419
1403636630.263555527 0.62921 -0.79310 0.22175 0.81780 -0.06482 0.57113 0.02855
1403636630.463555574 0.71630 -0.86286 0.23950 0.81857 -0.06556 0.56976 0.03206
1403636630.763555527 0.85485 -0.97122 0.28510 0.82256 -0.05353 0.56514 0.03385
1403636631.063555479 0.99206 -1.06405 0.29411 0.82211 -0.05312 0.56641 0.02225
1403636631.263555527 1.09398 -1.12546 0.28074 0.81811 -0.05195 0.57231 0.02141
1403636631.663555384 1.28268 -1.24541 0.21968 0.81865 -0.04591 0.57197 0.02370
1403636632.063555479 1.45861 -1.35186 0.20148 0.81872 -0.04251 0.57195 0.02757
1403636632.263555527 1.53227 -1.37493 0.20991 0.81636 -0.04155 0.57504 0.03395
1403636632.563555479 1.64682 -1.41765 0.16730 0.82328 -0.04971 0.56503 0.02177
1403636632.663555384 1.67778 -1.42023 0.15050 0.82836 -0.04732 0.55812 0.00896
1403636632.763555527 1.71925 -1.43106 0.13218 0.83055 -0.03591 0.55577 -0.00431
1403636632.863555431 1.77499 -1.44327 0.11799 0.82861 -0.01337 0.55952 -0.01299
1403636632.963555574 1.82810 -1.46279 0.11666 0.82429 0.01128 0.56575 -0.01866
1403636633.063555479 1.88032 -1.47698 0.11863 0.82183 0.03005 0.56846 -0.02337
1403636633.163555384 1.93587 -1.49126 0.11763 0.82067 0.04244 0.56909 -0.02878
1403636633.363555431 2.04415 -1.51410 0.09859 0.82267 0.05009 0.56486 -0.04059
1403636633.563555479 2.16097 -1.53477 0.06392 0.82704 0.04619 0.55833 -0.04614
1403636633.763555527 2.28549 -1.55516 0.03615 0.82884 0.04096 0.55629 -0.04347
1403636633.963555574 2.42387 -1.57800 0.03518 0.82695 0.02961 0.55941 -0.04833
1403636634.163555384 2.57369 -1.60920 0.03256 0.82674 0.02477 0.55976 -0.05044
1403636634.363555431 2.74003 -1.65174 0.05183 0.82272 0.03531 0.56586 -0.04115
1403636634.463555574 2.82712 -1.67589 0.05888 0.81823 0.03948 0.57224 -0.03847
1403636634.563555479 2.91202 -1.69970 0.05919 0.81476 0.04240 0.57697 -0.03825
1403636634.763555527 3.07030 -1.74419 0.04287 0.81370 0.05683 0.57694 -0.04237
1403636634.963555574 3.21880 -1.77741 0.04729 0.81767 0.06843 0.56938 -0.05035
1403636635.163555384 3.36453 -1.80578 0.05990 0.81935 0.07766 0.56547 -0.05358
1403636635.363555431 3.51049 -1.82776 0.05071 0.82267 0.07647 0.55981 -0.06306
1403636635.563555479 3.66220 -1.84790 0.05148 0.82359 0.07287 0.55819 -0.06930
1403636635.763555527 3.81625 -1.87379 0.07480 0.82030 0.06837 0.56322 -0.07222
1403636635.863555431 3.89993 -1.88855 0.09843 0.81684 0.06238 0.56814 -0.07808
1403636636.063555479 4.06606 -1.93185 0.15200 0.82492 0.06280 0.55688 -0.07385
1403636636.163555384 4.15154 -1.95683 0.17662 0.82519 0.06807 0.55686 -0.06578
1403636636.263555527 4.24160 -1.98263 0.20778 0.81856 0.07232 0.56672 -0.05967
1403636636.363555431 4.32810 -2.00849 0.24370 0.81132 0.07371 0.57708 -0.05745
1403636636.463555574 4.41321 -2.03324 0.27740 0.80203 0.07426 0.58988 -0.05725
1403636636.563555479 4.49085 -2.05733 0.30180 0.79925 0.07793 0.59368 -0.05171
1403636636.763555527 4.63481 -2.09886 0.32903 0.79876 0.08798 0.59403 -0.03697
1403636637.063555479 4.80900 -2.12787 0.31675 0.80595 0.08379 0.58396 -0.04905
1403636637.263555527 4.90857 -2.13083 0.28848 0.81428 0.08027 0.57199 -0.05763
1403636637.563555479 5.04769 -2.12316 0.28594 0.81926 0.08318 0.56418 -0.05995
1403636637.863555431 5.19646 -2.10868 0.34795 0.81623 0.08487 0.56797 -0.06308
1403636637.963555574 5.24832 -2.10232 0.37851 0.81337 0.08527 0.57187 -0.06424
1403636638.163555384 5.35435 -2.08787 0.39332 0.80906 0.08550 0.57762 -0.06674
1403636638.463555574 5.48432 -2.06993 0.34725 0.82477 0.07897 0.55426 -0.07946
1403636638.563555479 5.52209 -2.06823 0.32721 0.83232 0.07623 0.54258 -0.08385
1403636638.763555527 5.62886 -2.07141 0.31697 0.82771 0.08521 0.54982 -0.07298
1403636638.863555431 5.69336 -2.07303 0.32564 0.82218 0.08566 0.55801 -0.07279
1403636638.963555574 5.75719 -2.07598 0.33833 0.81904 0.08320 0.56241 -0.07714
1403636639.063555479 5.82457 -2.07918 0.35283 0.81880 0.07655 0.56231 -0.08665
1403636639.263555527 5.96326 -2.09851 0.35041 0.82007 0.06838 0.55967 -0.09791
1403636639.363555431 6.03811 -2.11696 0.33214 0.82011 0.07479 0.56035 -0.08858
1403636639.463555574 6.11490 -2.13797 0.30887 0.82002 0.08252 0.56102 -0.07758
1403636639.563555479 6.19320 -2.15935 0.28160 0.81748 0.09090 0.56492 -0.06577
1403636639.663555384 6.27410 -2.17913 0.25208 0.81415 0.09556 0.56956 -0.06018
1403636639.763555527 6.35331 -2.19670 0.22822 0.80979 0.09284 0.57570 -0.06473
1403636639.963555574 6.49512 -2.22885 0.20260 0.80751 0.08852 0.57869 -0.07216
1403636640.163555384 6.62685 -2.25988 0.20753 0.80523 0.10027 0.57942 -0.07632
1403636640.363555431 6.74943 -2.29075 0.23444 0.80446 0.11345 0.57698 -0.08410
1403636640.763555527 6.95917 -2.35063 0.22595 0.80453 0.12412 0.57371 -0.09047
1403636641.263555527 7.17535 -2.40535 0.20092 0.80453 0.12372 0.57388 -0.08992
1403636641.763555527 7.35578 -2.45420 0.13278 0.80574 0.11907 0.57323 -0.08944
1403636642.063555479 7.45100 -2.48728 0.16572 0.80500 0.10723 0.57772 -0.08199
1403636642.163555384 7.48136 -2.49765 0.18013 0.80514 0.10079 0.57950 -0.07601
1403636642.363555431 7.52981 -2.51828 0.18864 0.80560 0.08676 0.58209 -0.06812
1403636642.463555574 7.55282 -2.52968 0.18232 0.80589 0.07901 0.58331 -0.06360
1403636642.663555384 7.58898 -2.55221 0.15278 0.81427 0.07035 0.57333 -0.05749
1403636642.863555431 7.61788 -2.57370 0.12294 0.82144 0.06671 0.56361 -0.05596
1403636643.163555384 7.66670 -2.60707 0.12990 0.81592 0.06469 0.57147 -0.05923
1403636643.563555479 7.74685 -2.66258 0.13115 0.82258 0.06666 0.56141 -0.06121
1403636643.863555431 7.83919 -2.70878 0.18414 0.83180 0.07272 0.54719 -0.05831
1403636644.263555527 8.04220 -2.76376 0.20859 0.82794 0.06925 0.55289 -0.06355
1403636644.363555431 8.10453 -2.77742 0.20385 0.81933 0.06059 0.56518 -0.07479
1403636644.463555574 8.16762 -2.79237 0.18992 0.81312 0.05577 0.57375 -0.08092
1403636644.663555384 8.28954 -2.83672 0.13945 0.80731 0.05146 0.58147 -0.08653
1403636644.763555527 8.34385 -2.86728 0.10306 0.80681 0.06106 0.58318 -0.07234
1403636644.863555431 8.39619 -2.90056 0.06162 0.80737 0.06908 0.58305 -0.05858
1403636644.963555574 8.44532 -2.93382 0.02142 0.81069 0.06954 0.57869 -0.05539
1403636645.063555479 8.49015 -2.96574 -0.01122 0.82168 0.06840 0.56317 -0.05476
1403636645.163555384 8.53665 -2.99808 -0.03700 0.83399 0.06834 0.54495 -0.05312
1403636645.263555527 8.59198 -3.02875 -0.05392 0.84155 0.06771 0.53334 -0.05251
1403636645.463555574 8.73152 -3.08624 -0.06979 0.83388 0.06665 0.54543 -0.05192
1403636645.563555479 8.81357 -3.11153 -0.08287 0.83147 0.06651 0.54919 -0.05116
1403636645.763555527 8.98677 -3.15749 -0.11376 0.82835 0.06641 0.55395 -0.05064
1403636645.963555574 9.18000 -3.19866 -0.11083 0.82651 0.06236 0.55688 -0.05359
1403636646.063555479 9.28085 -3.21923 -0.09523 0.82282 0.05168 0.56335 -0.05407
1403636646.163555384 9.38234 -3.24267 -0.07746 0.82009 0.03422 0.56911 -0.04894
1403636646.263555527 9.48498 -3.26971 -0.06319 0.81721 0.01083 0.57479 -0.04080
1403636646.363555431 9.58046 -3.30145 -0.05350 0.81258 -0.01582 0.58188 -0.02964
1403636646.463555574 9.67590 -3.33782 -0.04949 0.80737 -0.03643 0.58884 -0.01014
1403636646.563555479 9.76668 -3.37643 -0.04427 0.80241 -0.04924 0.59468 0.00882
1403636646.663555384 9.85254 -3.41609 -0.03627 0.80329 -0.05807 0.59234 0.02220
1403636646.763555527 9.93334 -3.45575 -0.01860 0.80462 -0.06538 0.58944 0.02960
1403636646.863555431 10.01115 -3.49509 0.00932 0.80415 -0.06980 0.58929 0.03475
1403636647.163555384 10.20267 -3.60884 0.07781 0.81200 -0.07250 0.57792 0.03763
1403636647.363555431 10.31805 -3.68561 0.10154 0.81162 -0.07173 0.57878 0.03380
1403636647.563555479 10.42652 -3.76487 0.10920 0.80504 -0.07151 0.58831 0.02614
1403636647.763555527 10.51858 -3.85055 0.12151 0.80313 -0.07394 0.59058 0.02703
1403636647.863555431 10.55242 -3.89505 0.13021 0.80462 -0.07627 0.58797 0.03262
1403636647.963555574 10.58070 -3.94110 0.13172 0.80383 -0.08463 0.58742 0.04037
1403636648.063555479 10.60481 -3.98929 0.12431 0.80290 -0.09917 0.58551 0.05199
1403636648.163555384 10.62745 -4.03991 0.11010 0.80058 -0.11940 0.58346 0.06626
1403636648.263555527 10.64797 -4.09179 0.09217 0.79688 -0.14125 0.58169 0.08169
1403636648.363555431 10.66840 -4.14591 0.07066 0.79249 -0.16387 0.57924 0.09793
1403636648.463555574 10.68377 -4.19919 0.04501 0.78799 -0.18719 0.57521 0.11479
1403636648.563555479 10.69547 -4.25153 0.01929 0.78266 -0.20905 0.57177 0.12967
1403636648.663555384 10.70208 -4.30199 -0.00098 0.77945 -0.22448 0.56741 0.14182
1403636648.763555527 10.70820 -4.35210 -0.01488 0.78021 -0.23468 0.55994 0.15054
1403636648.863555431 10.71523 -4.40233 -0.02081 0.78655 -0.24284 0.54698 0.15221
1403636648.963555574 10.72321 -4.45178 -0.01614 0.79228 -0.24637 0.53668 0.15352
1403636649.163555384 10.74806 -4.55352 0.02082 0.78294 -0.24289 0.55002 0.15963
1403636649.263555527 10.76186 -4.60515 0.05046 0.77663 -0.23868 0.55989 0.16248
1403636649.563555479 10.78714 -4.74819 0.16652 0.78035 -0.23096 0.55977 0.15611
1403636649.663555384 10.79048 -4.79325 0.21596 0.77557 -0.23288 0.56604 0.15445
1403636649.763555527 10.78982 -4.83734 0.25879 0.77126 -0.23926 0.56816 0.15848
1403636649.863555431 10.78568 -4.87788 0.29477 0.76817 -0.24409 0.56839 0.16513
1403636649.963555574 10.77955 -4.91574 0.32193 0.76617 -0.24784 0.56775 0.17092
1403636650.163555384 10.75935 -4.98864 0.34728 0.76115 -0.26004 0.56590 0.18107
1403636650.263555527 10.74053 -5.02306 0.35030 0.75678 -0.27472 0.56104 0.19247
1403636650.363555431 10.71949 -5.05774 0.34872 0.75081 -0.29536 0.55415 0.20485
1403636650.463555574 10.69571 -5.09090 0.34314 0.74529 -0.31720 0.54394 0.21924
1403636650.563555479 10.66876 -5.11969 0.33240 0.74067 -0.33812 0.53283 0.23060
1403636650.663555384 10.64167 -5.14595 0.31751 0.73666 -0.35287 0.52511 0.23891
1403636650.763555527 10.61510 -5.17041 0.30225 0.73304 -0.36309 0.52001 0.24579
1403636650.863555431 10.59000 -5.19409 0.29524 0.72842 -0.36846 0.51982 0.25184
1403636650.963555574 10.56499 -5.21627 0.29610 0.72257 -0.36948 0.52447 0.25751
1403636651.163555384 10.51108 -5.25611 0.31455 0.71901 -0.36780 0.52873 0.26115
1403636651.463555574 10.41810 -5.29319 0.36580 0.72894 -0.36500 0.52154 0.25183
1403636651.663555384 10.35461 -5.30907 0.37474 0.72526 -0.35824 0.53151 0.25133
1403636651.863555431 10.28368 -5.31714 0.36606 0.71455 -0.36943 0.53990 0.24791
1403636651.963555574 10.23939 -5.31725 0.35516 0.70584 -0.38354 0.53901 0.25328
1403636652.063555479 10.18876 -5.31840 0.33995 0.69682 -0.40037 0.53202 0.26665
1403636652.163555384 10.13119 -5.31795 0.32068 0.68885 -0.42039 0.51645 0.28643
1403636652.263555527 10.06580 -5.31565 0.29799 0.67841 -0.44641 0.49749 0.30493
1403636652.363555431 9.99498 -5.30772 0.26936 0.66801 -0.47500 0.47603 0.31864
1403636652.463555574 9.92499 -5.30280 0.24182 0.65709 -0.49729 0.46102 0.32924
1403636652.563555479 9.85782 -5.30030 0.21910 0.64935 -0.51450 0.44912 0.33455
1403636652.663555384 9.79383 -5.30321 0.20526 0.64685 -0.52617 0.43730 0.33691
1403636652.763555527 9.73315 -5.31198 0.20288 0.64527 -0.53148 0.43084 0.33992
1403636652.963555574 9.62341 -5.34717 0.22340 0.64186 -0.53085 0.43190 0.34593
1403636653.163555384 9.52165 -5.40490 0.23393 0.63983 -0.52173 0.44079 0.35230
1403636653.263555527 9.47383 -5.44109 0.22873 0.63699 -0.51434 0.44972 0.35700
1403636653.463555574 9.37808 -5.50654 0.23082 0.63864 -0.50390 0.45789 0.35856
1403636653.763555527 9.24938 -5.57962 0.27671 0.63952 -0.49498 0.46708 0.35757
1403636654.163555384 9.08731 -5.61778 0.26508 0.63557 -0.50012 0.46981 0.35386
1403636654.263555527 9.04934 -5.61569 0.25922 0.63082 -0.50569 0.46583 0.35965
1403636654.363555431 9.00788 -5.61200 0.26085 0.62523 -0.51520 0.45777 0.36620
1403636654.463555574 8.96694 -5.60544 0.27054 0.61764 -0.52769 0.44767 0.37369
1403636654.563555479 8.92651 -5.59549 0.28747 0.60756 -0.54084 0.43699 0.38393
1403636654.663555384 8.88673 -5.58414 0.30449 0.59843 -0.55573 0.42834 0.38674
1403636654.763555527 8.84665 -5.57296 0.31680 0.59209 -0.56595 0.42092 0.38982
1403636654.863555431 8.80927 -5.56154 0.32131 0.58733 -0.57248 0.41487 0.39395
1403636654.963555574 8.77340 -5.55132 0.31931 0.58194 -0.57432 0.41350 0.40065
1403636655.063555479 8.73776 -5.54058 0.31303 0.57480 -0.57308 0.41801 0.40799
1403636655.263555527 8.66722 -5.51360 0.29221 -0.56546 0.57258 -0.42471 -0.41477
1403636655.363555431 8.63167 -5.49127 0.28002 -0.55886 0.57671 -0.42477 -0.41791
1403636655.463555574 8.59498 -5.46358 0.27135 -0.55198 0.58183 -0.42303 -0.42170
1403636655.563555479 8.55629 -5.42931 0.26949 -0.54603 0.59145 -0.41551 -0.42354
1403636655.663555384 8.51716 -5.38916 0.26584 -0.54087 0.60677 -0.40329 -0.42029
1403636655.763555527 8.47548 -5.34824 0.25361 -0.53577 0.61929 -0.39308 -0.41823
1403636655.863555431 8.43216 -5.30800 0.22806 -0.52623 0.63139 -0.38458 -0.42016
1403636655.963555574 8.38642 -5.26909 0.19570 -0.51271 0.64383 -0.37619 -0.42555
1403636656.063555479 8.33674 -5.23082 0.16861 -0.50079 0.65251 -0.36984 -0.43203
1403636656.163555384 8.28433 -5.19327 0.15074 -0.49453 0.65808 -0.36176 -0.43760
1403636656.263555527 8.22937 -5.15642 0.14451 -0.49226 0.66174 -0.35402 -0.44097
1403636656.363555431 8.17461 -5.12401 0.14882 -0.49067 0.66472 -0.35023 -0.44128
1403636656.563555479 8.06427 -5.07335 0.18235 -0.49207 0.66410 -0.34757 -0.44276
1403636656.663555384 8.00995 -5.05780 0.19999 -0.49160 0.65979 -0.35105 -0.44695
1403636656.763555527 7.95185 -5.04047 0.21280 -0.48754 0.65155 -0.36065 -0.45577
1403636656.863555431 7.89379 -5.02176 0.21756 -0.48768 0.64483 -0.36387 -0.46255
1403636657.063555479 7.78106 -4.97151 0.20377 -0.48642 0.63953 -0.37227 -0.46456
1403636657.363555431 7.62005 -4.85931 0.17141 -0.48662 0.64598 -0.37613 -0.45215
1403636657.463555574 7.56827 -4.81424 0.16666 -0.48846 0.65254 -0.37285 -0.44337
1403636657.563555479 7.51610 -4.76773 0.15808 -0.49028 0.65709 -0.36945 -0.43744
1403636657.763555527 7.39801 -4.67654 0.12739 -0.48845 0.65900 -0.36858 -0.43737
1403636657.863555431 7.33648 -4.62802 0.10628 -0.48410 0.66367 -0.36921 -0.43459
1403636657.963555574 7.26973 -4.57876 0.08653 -0.48098 0.66960 -0.36905 -0.42906
1403636658.063555479 7.19582 -4.53048 0.07578 -0.48203 0.67079 -0.36434 -0.43005
1403636658.163555384 7.11668 -4.48177 0.07368 -0.48588 0.66791 -0.35633 -0.43687
1403636658.263555527 7.03433 -4.43602 0.07392 -0.48925 0.66519 -0.34916 -0.44298
1403636658.363555431 6.95445 -4.39447 0.06955 -0.49119 0.66443 -0.34431 -0.44577
1403636658.463555574 6.87466 -4.35664 0.06132 -0.49340 0.66386 -0.33964 -0.44776
1403636658.563555479 6.79430 -4.32256 0.05097 -0.49689 0.66139 -0.33377 -0.45196
1403636658.663555384 6.71440 -4.29227 0.03866 -0.49910 0.65929 -0.33025 -0.45517
1403636658.763555527 6.63998 -4.26758 0.02425 -0.49991 0.65629 -0.32883 -0.45962
1403636658.863555431 6.57014 -4.24765 0.00727 -0.49999 0.65129 -0.32836 -0.46692
1403636659.063555479 6.44476 -4.21025 -0.03861 -0.48920 0.64942 -0.34377 -0.46985
1403636659.263555527 6.33781 -4.17276 -0.09756 -0.48509 0.64797 -0.35021 -0.47136
1403636659.363555431 6.29093 -4.15340 -0.12312 -0.48731 0.65059 -0.34737 -0.46755
1403636659.463555574 6.24760 -4.13281 -0.14314 -0.49181 0.65429 -0.34152 -0.46195
1403636659.663555384 6.16739 -4.09119 -0.16968 -0.49106 0.65382 -0.34036 -0.46426
1403636659.863555431 6.10154 -4.05039 -0.21355 -0.48757 0.65315 -0.34089 -0.46847
1403636659.963555574 6.07465 -4.02577 -0.24296 -0.48880 0.65635 -0.33670 -0.46574
1403636660.063555479 6.05066 -4.00278 -0.27624 -0.49080 0.66125 -0.33168 -0.46026
1403636660.163555384 6.02911 -3.98191 -0.31239 -0.49289 0.66474 -0.32695 -0.45639
1403636660.263555527 6.00866 -3.96437 -0.35067 -0.49396 0.66705 -0.32435 -0.45371
1403636660.363555431 5.99031 -3.95207 -0.38636 -0.49791 0.67181 -0.31756 -0.44712
1403636660.463555574 5.97313 -3.94727 -0.41343 -0.50083 0.67647 -0.31242 -0.44040
1403636660.663555384 5.94291 -3.96346 -0.46030 -0.49689 0.66557 -0.32030 -0.45555
1403636660.763555527 5.93090 -3.98055 -0.48984 -0.49481 0.65558 -0.32464 -0.46903
1403636660.963555574 5.92249 -4.01611 -0.56685 -0.49536 0.64456 -0.32539 -0.48300
1403636661.163555384 5.93940 -4.05293 -0.66086 -0.48779 0.64769 -0.33725 -0.47835
1403636661.363555431 5.97577 -4.08148 -0.74340 -0.48408 0.64888 -0.34292 -0.47648
1403636661.563555479 6.02382 -4.10102 -0.79634 -0.48400 0.65079 -0.34422 -0.47301
1403636661.763555527 6.08180 -4.11169 -0.81831 -0.48011 0.65272 -0.35108 -0.46925
1403636661.963555574 6.14218 -4.11218 -0.81455 -0.47506 0.65384 -0.36083 -0.46541
1403636662.263555527 6.22565 -4.08429 -0.77992 -0.48336 0.64965 -0.34875 -0.47190
1403636662.463555574 6.28639 -4.05121 -0.77969 -0.49045 0.65333 -0.33510 -0.46939
1403636662.563555479 6.32235 -4.03499 -0.78763 -0.49178 0.65877 -0.33145 -0.46294
1403636662.663555384 6.36073 -4.02043 -0.79904 -0.48477 0.66613 -0.33947 -0.45391
1403636662.763555527 6.39703 -4.00798 -0.81288 -0.47621 0.67008 -0.35035 -0.44886
1403636662.963555574 6.45444 -3.98380 -0.85448 -0.47512 0.67592 -0.34915 -0.44214
1403636663.063555479 6.47577 -3.97254 -0.87592 -0.47331 0.68187 -0.35026 -0.43400
1403636663.263555527 6.49608 -3.95584 -0.90341 -0.47957 0.68159 -0.33985 -0.43584
1403636663.363555431 6.49626 -3.95247 -0.92016 -0.48963 0.67685 -0.32511 -0.44323
1403636663.463555574 6.49554 -3.95483 -0.94394 -0.49790 0.67557 -0.31331 -0.44445
1403636663.663555384 6.49666 -3.98234 -1.00343 -0.50483 0.67635 -0.30288 -0.44267
1403636663.863555431 6.50491 -4.04916 -1.05402 -0.51375 0.66210 -0.29418 -0.45949
1403636663.963555574 6.51801 -4.09846 -1.06811 -0.51501 0.65279 -0.29575 -0.47028
1403636664.063555479 6.54045 -4.15387 -1.07483 -0.51421 0.64483 -0.30025 -0.47919
1403636664.163555384 6.57308 -4.21528 -1.07612 -0.50942 0.64296 -0.31139 -0.47972
1403636664.263555527 6.61383 -4.28035 -1.07469 -0.50355 0.64130 -0.32494 -0.47915
1403636664.363555431 6.66007 -4.34594 -1.08501 -0.50033 0.64023 -0.33430 -0.47752
1403636664.463555574 6.70991 -4.41058 -1.11166 -0.49965 0.63901 -0.34050 -0.47548
1403636664.563555479 6.76444 -4.47373 -1.14384 -0.49920 0.63732 -0.34712 -0.47342
1403636664.663555384 6.82422 -4.53412 -1.17294 -0.49685 0.63784 -0.35681 -0.46796
1403636664.763555527 6.88562 -4.59038 -1.19476 -0.49993 0.63806 -0.35787 -0.46355
1403636664.863555431 6.94808 -4.64382 -1.20937 -0.50523 0.63582 -0.35567 -0.46257
1403636664.963555574 7.01299 -4.69692 -1.21844 -0.50789 0.63643 -0.35618 -0.45842
1403636665.063555479 7.07959 -4.74683 -1.22016 -0.51172 0.64029 -0.35391 -0.45047
1403636665.163555384 7.14688 -4.79418 -1.21316 -0.51489 0.64326 -0.35174 -0.44428
1403636665.263555527 7.21463 -4.84220 -1.20158 -0.50983 0.64562 -0.36065 -0.43953
1403636665.363555431 7.28003 -4.89374 -1.18949 -0.50569 0.64423 -0.36731 -0.44082
1403636665.563555479 7.40137 -4.98804 -1.16467 -0.51416 0.63865 -0.35248 -0.45113
1403636665.763555527 7.52735 -5.07986 -1.13754 -0.51578 0.63568 -0.34530 -0.45897
1403636665.863555431 7.59419 -5.12690 -1.11948 -0.50813 0.63694 -0.35374 -0.45933
1403636665.963555574 7.66311 -5.17433 -1.10252 -0.49807 0.64259 -0.36564 -0.45311
1403636666.063555479 7.73167 -5.21948 -1.09029 -0.49341 0.64673 -0.37046 -0.44839
1403636666.263555527 7.86229 -5.29792 -1.08195 -0.49553 0.64231 -0.36637 -0.45569
1403636666.363555431 7.92704 -5.33414 -1.08513 -0.49278 0.64227 -0.37085 -0.45512
1403636666.463555574 7.99157 -5.36559 -1.08957 -0.49156 0.64510 -0.37388 -0.44992
1403636666.563555479 8.05026 -5.39083 -1.08892 -0.49496 0.64605 -0.37120 -0.44705
1403636666.663555384 8.10318 -5.41131 -1.07917 -0.50230 0.64544 -0.36345 -0.44611
1403636666.763555527 8.16099 -5.43125 -1.06484 -0.50974 0.64667 -0.35520 -0.44251
1403636666.863555431 8.21739 -5.45146 -1.05033 -0.51259 0.65152 -0.35292 -0.43384
1403636666.963555574 8.27131 -5.47380 -1.04293 -0.50866 0.66275 -0.35914 -0.41600
1403636667.163555384 8.35803 -5.52814 -1.03778 -0.50666 0.65126 -0.36442 -0.43170
1403636667.263555527 8.39546 -5.56007 -1.04232 -0.50855 0.63926 -0.36290 -0.44836
1403636667.563555479 8.51280 -5.64474 -1.08104 -0.51539 0.63995 -0.35596 -0.44512
1403636667.663555384 8.56016 -5.67685 -1.09277 -0.51465 0.64759 -0.35675 -0.43416
1403636667.863555431 8.64039 -5.73876 -1.09216 -0.51038 0.65069 -0.36169 -0.43046
1403636668.463555574 8.83577 -5.94876 -1.16086 -0.50987 0.65025 -0.34452 -0.44555
1403636668.863555431 8.98157 -6.13074 -1.25861 -0.51153 0.64121 -0.33174 -0.46598
1403636669.063555479 9.08065 -6.22996 -1.27889 -0.50332 0.63922 -0.34268 -0.46972
1403636669.163555384 9.14131 -6.27725 -1.28039 -0.49829 0.64156 -0.34890 -0.46731
1403636669.363555431 9.26140 -6.35651 -1.29367 -0.49599 0.64282 -0.35013 -0.46710
1403636669.563555479 9.39208 -6.42891 -1.32316 -0.49206 0.63805 -0.35630 -0.47309
1403636669.663555384 9.46169 -6.46079 -1.33790 -0.48899 0.63215 -0.36171 -0.48004
1403636669.763555527 9.53647 -6.48867 -1.34960 -0.48604 0.62836 -0.36697 -0.48400
1403636669.863555431 9.61140 -6.50622 -1.35516 -0.47633 0.63645 -0.38354 -0.47003
1403636669.963555574 9.68617 -6.51266 -1.35344 -0.46897 0.64934 -0.39545 -0.44950
1403636670.063555479 9.74464 -6.50582 -1.34270 -0.46750 0.65653 -0.39859 -0.43765
1403636670.163555384 9.79758 -6.49359 -1.32805 -0.46632 0.65798 -0.40553 -0.43029
1403636670.263555527 9.84123 -6.47505 -1.31267 -0.45940 0.65554 -0.42296 -0.42465
1403636670.363555431 9.87079 -6.44616 -1.30383 -0.45706 0.65377 -0.43528 -0.41738
1403636670.463555574 9.88688 -6.40694 -1.30047 -0.46194 0.65184 -0.44356 -0.40617
1403636670.563555479 9.88895 -6.35863 -1.29296 -0.47140 0.64606 -0.45237 -0.39465
1403636670.663555384 9.87259 -6.30195 -1.27741 -0.48495 0.63624 -0.46044 -0.38473
1403636670.763555527 9.83770 -6.23676 -1.25547 -0.49973 0.62338 -0.46980 -0.37543
1403636670.863555431 9.78597 -6.16655 -1.23442 -0.51194 0.61075 -0.48460 -0.36064
1403636670.963555574 9.71566 -6.09072 -1.21486 -0.52203 0.59593 -0.50480 -0.34282
1403636671.063555479 9.62189 -6.00728 -1.18835 -0.53820 0.57461 -0.52132 -0.32922
1403636671.163555384 9.50145 -5.91662 -1.15307 0.56257 -0.55032 0.52689 0.32102
1403636671.263555527 9.35727 -5.82073 -1.11157 0.58794 -0.53029 0.52415 0.31365
1403636671.363555431 9.19409 -5.72112 -1.06989 0.61999 -0.51054 0.50474 0.31654
1403636671.463555574 9.02212 -5.62047 -1.03107 0.65247 -0.48904 0.48249 0.31987
1403636671.563555479 8.84934 -5.52139 -0.99808 0.67617 -0.47604 0.46801 0.31168
1403636671.663555384 8.67919 -5.42783 -0.97175 0.69272 -0.47028 0.45659 0.30085
1403636671.763555527 8.51394 -5.34191 -0.94957 0.70264 -0.46790 0.44914 0.29264
1403636671.863555431 8.35508 -5.26623 -0.93021 0.71047 -0.46719 0.44043 0.28808
1403636671.963555574 8.20504 -5.20380 -0.90718 0.71793 -0.46971 0.42793 0.28430
1403636672.063555479 8.06717 -5.15733 -0.87437 0.72470 -0.46875 0.41500 0.28786
1403636672.163555384 7.94480 -5.12623 -0.83077 0.72753 -0.46191 0.40849 0.30078
1403636672.263555527 7.83916 -5.10642 -0.78289 0.72760 -0.45913 0.40537 0.30897
1403636672.363555431 7.75002 -5.09847 -0.73830 0.72660 -0.45236 0.40518 0.32134
1403636672.463555574 7.67694 -5.09828 -0.70352 0.72182 -0.44108 0.41250 0.33803
1403636672.563555479 7.61745 -5.10035 -0.68259 0.70497 -0.43809 0.43893 0.34415
1403636672.663555384 7.56714 -5.10349 -0.68207 0.68963 -0.44041 0.46230 0.34166
1403636672.863555431 7.48091 -5.10381 -0.73034 0.69151 -0.44997 0.46555 0.32033
1403636672.963555574 7.44655 -5.10627 -0.75168 0.69882 -0.44113 0.46779 0.31340
1403636673.063555479 7.41920 -5.11002 -0.76632 0.70862 -0.42795 0.46967 0.30680
1403636673.163555384 7.39899 -5.11531 -0.77346 0.71988 -0.41872 0.46756 0.29638
1403636673.263555527 7.38493 -5.12176 -0.77319 0.73345 -0.41390 0.45798 0.28458
1403636673.363555431 7.37871 -5.13189 -0.76618 0.74222 -0.41127 0.45159 0.27576
1403636673.563555479 7.39358 -5.16824 -0.75524 0.74380 -0.40298 0.45800 0.27315
1403636673.663555384 7.41574 -5.19503 -0.75728 0.73821 -0.39648 0.46918 0.27878
1403636673.763555527 7.44578 -5.22503 -0.76166 0.73132 -0.38986 0.48146 0.28528
1403636673.863555431 7.48127 -5.25122 -0.76539 0.72686 -0.38598 0.48937 0.28847
1403636674.163555384 7.61490 -5.32032 -0.77010 0.72720 -0.38723 0.48927 0.28609
1403636674.363555431 7.72557 -5.35921 -0.80022 0.71857 -0.39615 0.50205 0.27324
1403636674.463555574 7.78612 -5.37917 -0.82526 0.71674 -0.39746 0.51054 0.26010
1403636674.563555479 7.84462 -5.39851 -0.85523 0.71850 -0.39147 0.51759 0.25020
1403636674.663555384 7.89942 -5.41885 -0.88933 0.72177 -0.38252 0.52151 0.24649
1403636674.763555527 7.95043 -5.43932 -0.92839 0.72777 -0.37874 0.51951 0.23876
1403636674.863555431 7.99681 -5.46092 -0.96770 0.73791 -0.37930 0.50938 0.22836
1403636674.963555574 8.04129 -5.48715 -1.00004 0.74627 -0.37994 0.49983 0.22111
1403636675.063555479 8.08855 -5.52093 -1.02287 0.75246 -0.38045 0.49182 0.21720
1403636675.263555527 8.19114 -5.61351 -1.03947 0.76218 -0.36583 0.47851 0.23726
1403636675.363555431 8.25759 -5.67268 -1.03983 0.76130 -0.35857 0.48012 0.24767
1403636675.463555574 8.33172 -5.73388 -1.03624 0.75614 -0.34823 0.49272 0.25342
1403636675.563555479 8.41262 -5.79433 -1.03865 0.75439 -0.33403 0.50306 0.25740
1403636675.663555384 8.49703 -5.84323 -1.04018 0.75422 -0.32134 0.51121 0.25801
1403636675.763555527 8.58773 -5.90269 -1.06064 0.75332 -0.31024 0.52293 0.25062
1403636675.863555431 8.68062 -5.94793 -1.08029 0.75055 -0.30681 0.53953 0.22685
1403636675.963555574 8.77162 -5.98924 -1.10636 0.75333 -0.30444 0.54870 0.19684
1403636676.063555479 8.85889 -6.03013 -1.13648 0.76157 -0.29303 0.55024 0.17712
1403636676.163555384 8.94026 -6.07209 -1.16946 0.77350 -0.27010 0.54666 0.17295
1403636676.263555527 9.01810 -6.11282 -1.20426 0.78585 -0.24038 0.54216 0.17528
1403636676.363555431 9.09722 -6.15163 -1.24044 0.79637 -0.21081 0.53961 0.17371
1403636676.463555574 9.18071 -6.18490 -1.26954 0.80426 -0.18569 0.53950 0.16619
1403636676.563555479 9.26740 -6.20993 -1.29107 0.80825 -0.17124 0.54411 0.14611
1403636676.663555384 9.35971 -6.23124 -1.30358 0.80901 -0.16240 0.55049 0.12684
1403636676.763555527 9.44998 -6.25463 -1.31076 0.80774 -0.15875 0.55666 0.11169
1403636676.863555431 9.54431 -6.26551 -1.30329 0.80801 -0.15704 0.55947 0.09724
1403636676.963555574 9.63260 -6.28063 -1.29846 0.80736 -0.15460 0.56233 0.08970
1403636677.163555384 9.80633 -6.31759 -1.33517 0.80846 -0.14211 0.56188 0.10236
1403636677.363555431 9.97711 -6.34202 -1.38265 0.80153 -0.12948 0.57366 0.10815
1403636677.463555574 10.06481 -6.34977 -1.39874 0.79537 -0.11905 0.58523 0.10355
1403636677.563555479 10.14401 -6.34690 -1.40717 0.79197 -0.10856 0.59375 0.09194
1403636677.663555384 10.21559 -6.34233 -1.39446 0.79335 -0.09824 0.59607 0.07509
1403636677.763555527 10.28189 -6.33467 -1.39949 0.79769 -0.08636 0.59432 0.05495
1403636677.863555431 10.33912 -6.32563 -1.39212 0.80600 -0.07525 0.58644 0.02808
1403636677.963555574 10.39084 -6.31856 -1.38118 0.81327 -0.05983 0.57879 0.00405
1403636678.063555479 10.43962 -6.31721 -1.37006 0.81723 -0.03905 0.57489 -0.01055
1403636678.163555384 10.48650 -6.32171 -1.36463 0.81725 -0.01680 0.57589 -0.01319
1403636678.263555527 10.53118 -6.32950 -1.36374 0.81744 0.00290 0.57586 -0.01256
1403636678.363555431 10.57639 -6.33762 -1.36232 0.81666 0.01778 0.57647 -0.02093
1403636678.463555574 10.62090 -6.34525 -1.35564 0.81725 0.03237 0.57452 -0.03135
1403636678.563555479 10.66431 -6.35259 -1.34258 0.81702 0.04832 0.57304 -0.04209
1403636678.663555384 10.70602 -6.35947 -1.32573 0.81485 0.06984 0.57304 -0.05252
1403636678.763555527 10.74694 -6.36596 -1.31315 0.81158 0.09953 0.57300 -0.05573
1403636678.863555431 10.78620 -6.36968 -1.30792 0.80827 0.13015 0.57149 -0.05622
1403636678.963555574 10.82465 -6.36791 -1.30907 0.80482 0.15500 0.56988 -0.05898
1403636679.063555479 10.85983 -6.35846 -1.31383 0.80059 0.17146 0.56950 -0.07298
1403636679.163555384 10.89077 -6.34194 -1.32318 0.79535 0.18333 0.56989 -0.09506
1403636679.263555527 10.91837 -6.31974 -1.33434 0.78856 0.19260 0.57056 -0.12470
1403636679.363555431 10.94200 -6.29543 -1.34055 0.78240 0.20643 0.56823 -0.14951
1403636679.463555574 10.96118 -6.27225 -1.33894 0.77711 0.22422 0.56354 -0.16808
1403636679.563555479 10.97704 -6.25121 -1.33060 0.77302 0.24199 0.55777 -0.18103
1403636679.663555384 10.98972 -6.23334 -1.31554 0.77121 0.25457 0.55150 -0.19048
1403636679.763555527 10.99689 -6.22033 -1.29518 0.76895 0.26511 0.54857 -0.19368
1403636679.863555431 11.00413 -6.21000 -1.26644 0.76257 0.27060 0.55399 -0.19584
1403636679.963555574 11.01142 -6.19908 -1.23115 0.75671 0.27674 0.56046 -0.19158
1403636680.063555479 11.01259 -6.18927 -1.19058 0.75292 0.28492 0.56557 -0.17906
1403636680.163555384 11.00568 -6.17898 -1.15022 0.74980 0.29108 0.57012 -0.16745
1403636680.463555574 10.93230 -6.12858 -1.06579 0.75151 0.29534 0.57093 -0.14848
1403636680.763555527 10.78064 -6.02735 -1.02923 0.76295 0.28027 0.56086 -0.15744
1403636680.863555431 10.71711 -5.98139 -1.02415 0.76965 0.26742 0.55320 -0.17350
1403636680.963555574 10.65209 -5.93449 -1.02472 0.77991 0.25758 0.53930 -0.18585
1403636681.063555479 10.58837 -5.88849 -1.03266 0.78925 0.25786 0.52606 -0.18400
1403636681.163555384 10.52961 -5.84297 -1.04359 0.79204 0.26101 0.52198 -0.17913
1403636681.263555527 10.47716 -5.79511 -1.05314 0.78267 0.26523 0.53541 -0.17441
1403636681.363555431 10.42664 -5.74472 -1.05879 0.77451 0.26511 0.54684 -0.17556
1403636681.463555574 10.37601 -5.69278 -1.05753 0.77008 0.26274 0.55249 -0.18084
1403636681.563555479 10.32345 -5.64082 -1.05171 0.76857 0.26291 0.55367 -0.18335
1403636681.763555527 10.21362 -5.53932 -1.04768 0.76628 0.26864 0.55513 -0.18018
1403636681.963555574 10.09640 -5.43685 -1.04728 0.76443 0.27000 0.55576 -0.18407
1403636682.063555479 10.03724 -5.38423 -1.03597 0.76486 0.26935 0.55433 -0.18747
1403636682.263555527 9.90838 -5.28446 -1.00139 0.76933 0.26863 0.54723 -0.19106
1403636682.363555431 9.84578 -5.23521 -0.99114 0.77638 0.26954 0.53739 -0.18922
1403636682.563555479 9.72357 -5.13505 -0.98253 0.77274 0.26821 0.54425 -0.18634
1403636682.763555527 9.60487 -5.03458 -0.98477 0.76679 0.26392 0.55449 -0.18685
1403636682.963555574 9.47931 -4.93612 -0.97009 0.76428 0.26436 0.56000 -0.17998
1403636683.163555384 9.33980 -4.83918 -0.95002 0.76460 0.26525 0.55946 -0.17900
1403636683.263555527 9.26604 -4.79060 -0.94950 0.76628 0.26444 0.55655 -0.18204
1403636683.363555431 9.19104 -4.74378 -0.95324 0.76693 0.26418 0.55463 -0.18551
1403636683.463555574 9.11658 -4.69895 -0.96158 0.76729 0.26467 0.55296 -0.18829
1403636683.663555384 8.96664 -4.61059 -0.99158 0.76887 0.26668 0.54922 -0.18994
1403636683.763555527 8.89377 -4.57004 -1.00737 0.77180 0.26732 0.54438 -0.19111
1403636683.863555431 8.81993 -4.52950 -1.01633 0.77479 0.26829 0.53907 -0.19269
1403636684.063555479 8.67560 -4.44241 -1.01058 0.77172 0.27062 0.54157 -0.19472
1403636684.163555384 8.60574 -4.40610 -1.00515 0.76958 0.27209 0.54335 -0.19618
1403636684.263555527 8.52993 -4.35258 -0.96635 0.76748 0.27247 0.54508 -0.19904
1403636684.363555431 8.45810 -4.31838 -0.95439 0.76463 0.27345 0.54806 -0.20047
1403636684.563555479 8.31674 -4.24499 -0.93191 0.76280 0.27136 0.54903 -0.20753
1403636684.763555527 8.17618 -4.18729 -0.93585 0.76136 0.27036 0.55012 -0.21120
1403636684.963555574 8.03640 -4.14370 -0.95992 0.76002 0.27633 0.55222 -0.20266
1403636685.163555384 7.89034 -4.10768 -0.97260 0.76331 0.27883 0.54932 -0.19458
1403636685.363555431 7.73827 -4.07812 -0.96495 0.76698 0.28101 0.54711 -0.18290
1403636685.563555479 7.58709 -4.04131 -0.96075 0.76960 0.27484 0.54589 -0.18487
1403636685.863555431 7.34985 -3.96415 -0.98170 0.76627 0.27553 0.55161 -0.18067
1403636685.963555574 7.27030 -3.93887 -1.00020 0.76768 0.27352 0.54948 -0.18417
1403636686.063555479 7.18940 -3.91401 -1.01760 0.77105 0.27105 0.54444 -0.18867
1403636686.263555527 7.03236 -3.86010 -1.02729 0.77392 0.26808 0.54058 -0.19222
1403636686.463555574 6.88196 -3.80672 -1.01351 0.77692 0.26732 0.53653 -0.19253
1403636686.663555384 6.74319 -3.75497 -1.01450 0.77747 0.26919 0.53529 -0.19117
1403636686.863555431 6.61354 -3.70162 -1.02647 0.77444 0.26846 0.53890 -0.19431
1403636687.063555479 6.48796 -3.64954 -1.01555 0.77246 0.26674 0.54109 -0.19843
1403636687.263555527 6.36984 -3.59911 -0.99072 0.77080 0.26752 0.54289 -0.19893
1403636687.463555574 6.25754 -3.55537 -0.98695 0.76751 0.26894 0.54698 -0.19853
1403636687.663555384 6.15485 -3.51698 -1.01158 0.76670 0.26771 0.54724 -0.20257
1403636687.863555431 6.05655 -3.48985 -1.06319 0.76629 0.26791 0.54705 -0.20439
1403636688.063555479 5.96285 -3.47033 -1.13285 0.76484 0.27418 0.54883 -0.19657
1403636688.263555527 5.87058 -3.45335 -1.19115 0.76444 0.27573 0.54920 -0.19488
1403636688.363555431 5.81981 -3.44217 -1.21186 0.76594 0.27329 0.54690 -0.19886
1403636688.563555479 5.71479 -3.42074 -1.25959 0.76591 0.27854 0.54701 -0.19126
1403636688.763555527 5.60833 -3.39474 -1.32247 0.76425 0.28635 0.54796 -0.18346
1403636688.863555431 5.55382 -3.37849 -1.35335 0.76444 0.28827 0.54572 -0.18633
1403636688.963555574 5.49729 -3.35791 -1.37645 0.76509 0.29146 0.54073 -0.19312
1403636689.063555479 5.43839 -3.33338 -1.39078 0.76564 0.29410 0.53584 -0.20044
1403636689.163555384 5.38066 -3.30656 -1.39763 0.76658 0.29654 0.53032 -0.20777
1403636689.263555527 5.32476 -3.27923 -1.39717 0.76670 0.30003 0.52649 -0.21206
1403636689.363555431 5.27198 -3.25042 -1.38874 0.76629 0.30301 0.52420 -0.21495
1403636689.463555574 5.22458 -3.22012 -1.37123 0.76509 0.30524 0.52376 -0.21712
1403636689.563555479 5.17929 -3.19037 -1.34575 0.76607 0.30657 0.52092 -0.21863
1403636689.663555384 5.13599 -3.16163 -1.31637 0.76952 0.30600 0.51527 -0.22069
1403636689.763555527 5.09814 -3.13129 -1.29137 0.77578 0.30195 0.50617 -0.22536
1403636689.863555431 5.06794 -3.09917 -1.27044 0.77850 0.29696 0.50262 -0.23050
1403636689.963555574 5.04760 -3.06620 -1.25335 0.77851 0.28908 0.50329 -0.23885
1403636690.263555527 5.03847 -2.97868 -1.22018 0.77671 0.29760 0.50950 -0.22039
1403636690.463555574 5.06956 -2.91551 -1.18355 0.77484 0.29878 0.51315 -0.21688
1403636690.563555479 5.09326 -2.88144 -1.16859 0.77436 0.29376 0.51384 -0.22369
1403636690.663555384 5.12037 -2.84681 -1.15890 0.77563 0.28624 0.51177 -0.23358
1403636690.763555527 5.15307 -2.81413 -1.15862 0.77495 0.27382 0.51165 -0.25039
1403636690.863555431 5.19036 -2.78802 -1.17185 0.77178 0.26455 0.51491 -0.26311
1403636690.963555574 5.23447 -2.77186 -1.19011 0.76392 0.25703 0.52480 -0.27376
1403636691.063555479 5.28590 -2.76881 -1.20205 0.75311 0.25189 0.53852 -0.28173
1403636691.163555384 5.34070 -2.78263 -1.20476 0.74436 0.25400 0.55003 -0.28087
1403636691.263555527 5.39524 -2.81399 -1.19868 0.73559 0.26582 0.56326 -0.26642
1403636691.363555431 5.44533 -2.86014 -1.18789 0.73245 0.27906 0.56824 -0.25049
1403636691.463555574 5.49044 -2.91506 -1.17210 0.74046 0.28850 0.55671 -0.24198
1403636691.563555479 5.53184 -2.97589 -1.14651 0.74759 0.29319 0.54548 -0.24000
1403636691.663555384 5.57354 -3.03995 -1.11224 0.75032 0.30066 0.54069 -0.23297
1403636691.763555527 5.61480 -3.10640 -1.07823 0.75025 0.30932 0.54020 -0.22279
1403636691.863555431 5.65264 -3.17291 -1.05174 0.75131 0.31022 0.53820 -0.22281
1403636691.963555574 5.68843 -3.23932 -1.03161 0.74965 0.30618 0.54025 -0.22892
1403636692.063555479 5.72194 -3.30634 -1.01446 0.74770 0.30249 0.54296 -0.23374
1403636692.163555384 5.75397 -3.37447 -0.99562 0.74739 0.30607 0.54418 -0.22716
1403636692.263555527 5.78177 -3.44250 -0.97104 0.74865 0.30845 0.54305 -0.22243
1403636692.463555574 5.82750 -3.57866 -0.89683 0.75200 0.30740 0.53969 -0.22075
1403636692.563555479 5.84708 -3.64609 -0.85075 0.75163 0.30913 0.54119 -0.21586
1403636692.763555527 5.87969 -3.77287 -0.74702 0.75465 0.31290 0.53874 -0.20581
1403636692.863555431 5.89158 -3.82967 -0.69987 0.75555 0.32200 0.53784 -0.19021
1403636693.063555479 5.90763 -3.92345 -0.61802 0.75833 0.32105 0.53407 -0.19138
1403636693.363555431 5.91871 -4.02247 -0.53352 0.76680 0.31362 0.52044 -0.20687
1403636693.563555479 5.93151 -4.06711 -0.50112 0.77898 0.31333 0.50112 -0.20952
1403636693.863555431 5.99193 -4.09165 -0.47177 0.77166 0.31307 0.51075 -0.21368
1403636693.963555574 6.02189 -4.08933 -0.46666 0.76267 0.31020 0.52368 -0.21879
1403636694.063555479 6.05315 -4.08546 -0.46485 0.75470 0.30741 0.53463 -0.22384
1403636694.263555527 6.11240 -4.07988 -0.46013 0.75020 0.30734 0.54017 -0.22574
1403636694.563555479 6.19037 -4.07643 -0.42911 0.75728 0.31006 0.53018 -0.22204
1403636694.963555574 6.28679 -4.07041 -0.45029 0.75953 0.29684 0.52927 -0.23425
1403636695.163555384 6.33804 -4.07635 -0.47206 0.76077 0.29794 0.52961 -0.22801
1403636695.363555431 6.39458 -4.08681 -0.46640 0.75876 0.30037 0.53524 -0.21813
1403636695.563555479 6.44634 -4.09876 -0.44465 0.75704 0.30130 0.53933 -0.21269
1403636695.863555431 6.50781 -4.10683 -0.43571 0.75766 0.29963 0.54040 -0.21008
1403636696.063555479 6.54848 -4.11821 -0.46052 0.76395 0.29820 0.53267 -0.20907
1403636696.263555527 6.58510 -4.11870 -0.49063 0.76520 0.30304 0.53202 -0.19895
1403636696.363555431 6.60339 -4.11587 -0.50676 0.75918 0.29963 0.54094 -0.20312
1403636696.463555574 6.61864 -4.11187 -0.52122 0.75303 0.29273 0.54982 -0.21204
1403636697.063555479 6.62895 -4.11991 -0.55713 0.75332 0.30328 0.55069 -0.19306
1403636697.263555527 6.60819 -4.11342 -0.55981 0.74958 0.31196 0.55593 -0.17822
1403636697.463555574 6.55648 -4.08436 -0.52964 0.76020 0.30129 0.54209 -0.19353
1403636697.763555527 6.46066 -4.02583 -0.45403 0.77312 0.27463 0.54316 -0.17846
1403636697.863555431 6.42777 -4.00564 -0.43847 0.77857 0.25720 0.54757 -0.16684
1403636697.963555574 6.39346 -3.98264 -0.42993 0.78352 0.24127 0.55025 -0.15845
1403636698.163555384 6.32171 -3.92603 -0.42666 0.78925 0.22090 0.55334 -0.14866
1403636698.363555431 6.25035 -3.86455 -0.44212 0.79389 0.20130 0.55763 -0.13517
1403636698.463555574 6.21522 -3.83522 -0.45639 0.79860 0.18638 0.55869 -0.12400
1403636698.563555479 6.18053 -3.80526 -0.47293 0.80284 0.16933 0.56087 -0.11047
1403636698.663555384 6.14659 -3.77399 -0.49236 0.80752 0.14818 0.56253 -0.09757
1403636698.763555527 6.11295 -3.73978 -0.51668 0.81191 0.12475 0.56417 -0.08334
1403636698.863555431 6.08206 -3.70480 -0.54534 0.81599 0.09893 0.56534 -0.06898
1403636698.963555574 6.05311 -3.66782 -0.57141 0.81881 0.07340 0.56680 -0.05385
1403636699.063555479 6.02483 -3.63017 -0.59082 0.82050 0.04807 0.56819 -0.04038
1403636699.163555384 5.99792 -3.59266 -0.60164 0.82092 0.01971 0.56994 -0.02962
1403636699.263555527 5.97099 -3.55802 -0.60565 0.82176 -0.00928 0.56951 -0.01716
1403636699.363555431 5.95169 -3.52582 -0.60380 0.82266 -0.03834 0.56722 -0.00489
1403636699.463555574 5.92827 -3.50187 -0.59601 0.82254 -0.06554 0.56487 0.00701
1403636699.563555479 5.91057 -3.48128 -0.59056 0.82105 -0.08981 0.56338 0.02041
1403636699.663555384 5.89385 -3.46504 -0.59080 0.81838 -0.11399 0.56232 0.03251
1403636699.763555527 5.87793 -3.45572 -0.59535 0.81485 -0.13244 0.56215 0.04962
1403636699.863555431 5.86238 -3.45130 -0.60402 0.81080 -0.14235 0.56375 0.06727
1403636699.963555574 5.84897 -3.45227 -0.61634 0.80669 -0.15020 0.56653 0.07568
1403636700.163555384 5.81723 -3.45426 -0.64788 0.80393 -0.15785 0.56780 0.07983
1403636700.363555431 5.78391 -3.46938 -0.69861 0.80457 -0.16587 0.56461 0.07982
1403636700.463555574 5.76625 -3.48491 -0.73367 0.80259 -0.17436 0.56413 0.08487
1403636700.563555479 5.74749 -3.51054 -0.77115 0.79841 -0.17900 0.56717 0.09392
1403636700.663555384 5.73278 -3.52736 -0.81116 0.79390 -0.18510 0.56923 0.10692
1403636700.763555527 5.71547 -3.55025 -0.85004 0.79033 -0.19290 0.56954 0.11743
1403636700.863555431 5.69684 -3.57276 -0.88269 0.79072 -0.19886 0.56563 0.12361
1403636700.963555574 5.67904 -3.59551 -0.90819 0.79340 -0.20294 0.55973 0.12659
1403636701.063555479 5.65961 -3.61600 -0.92587 0.79762 -0.20522 0.55290 0.12645
1403636701.263555527 5.62508 -3.66423 -0.93545 0.80424 -0.20284 0.54456 0.12452
1403636701.563555479 5.59280 -3.75428 -0.91587 0.79921 -0.19133 0.55630 0.12323
1403636701.863555431 5.57527 -3.84624 -0.90497 0.79447 -0.19538 0.56058 0.12802
1403636701.963555574 5.56792 -3.87902 -0.91227 0.79176 -0.20879 0.55812 0.13424
1403636702.063555479 5.56005 -3.91093 -0.92378 0.78745 -0.22565 0.55532 0.14360
1403636702.163555384 5.55100 -3.94294 -0.94052 0.78077 -0.24505 0.55324 0.15578
1403636702.263555527 5.54247 -3.97405 -0.96260 0.77639 -0.26138 0.54873 0.16671
1403636702.363555431 5.53468 -4.00435 -0.98989 0.77547 -0.27251 0.54177 0.17570
1403636702.463555574 5.52898 -4.03362 -1.02136 0.77561 -0.27912 0.53527 0.18442
1403636702.563555479 5.52605 -4.06313 -1.05699 0.77547 -0.28284 0.53131 0.19069
1403636702.663555384 5.52655 -4.09281 -1.09725 0.77708 -0.28558 0.52625 0.19403
1403636702.863555431 5.53791 -4.15423 -1.18684 0.78002 -0.28642 0.52062 0.19619
1403636703.163555384 5.58555 -4.25510 -1.29734 0.77094 -0.28982 0.53542 0.18703
1403636703.263555527 5.60650 -4.29166 -1.32118 0.76465 -0.29428 0.54473 0.17881
1403636703.563555479 5.64982 -4.41356 -1.34846 0.76701 -0.28364 0.54282 0.19129
1403636703.963555574 5.69275 -4.57285 -1.34967 0.76666 -0.28187 0.54634 0.18516
1403636704.263555527 5.71697 -4.68713 -1.39356 0.77378 -0.27984 0.53908 0.17984
1403636704.463555574 5.73482 -4.76859 -1.41766 0.77994 -0.27612 0.53131 0.18213
1403636704.663555384 5.76445 -4.85458 -1.41540 0.78540 -0.27486 0.52369 0.18259
1403636704.863555431 5.81178 -4.94476 -1.42966 0.79393 -0.27449 0.51189 0.17972
1403636705.063555479 5.88399 -5.04476 -1.46535 0.79938 -0.27203 0.50509 0.17856
1403636705.163555384 5.93294 -5.10115 -1.48654 0.79270 -0.26841 0.51605 0.18240
1403636705.263555527 5.98953 -5.15863 -1.50383 0.78466 -0.26335 0.52871 0.18818
1403636705.363555431 6.05087 -5.21544 -1.51530 0.78060 -0.26170 0.53489 0.18991
1403636705.563555479 6.17973 -5.32200 -1.53156 0.78662 -0.26471 0.52566 0.18664
1403636705.763555527 6.32242 -5.42789 -1.56664 0.78501 -0.26647 0.52742 0.18594
1403636705.863555431 6.39985 -5.48255 -1.58580 0.78007 -0.26756 0.53484 0.18396
1403636705.963555574 6.47832 -5.53671 -1.59829 0.77411 -0.27127 0.54361 0.17793
1403636706.063555479 6.55434 -5.59060 -1.60234 0.76898 -0.27730 0.55133 0.16674
1403636706.163555384 6.62796 -5.64772 -1.60338 0.76604 -0.27720 0.55606 0.16474
1403636706.363555431 6.76119 -5.76409 -1.62490 0.77377 -0.26156 0.54729 0.18256
1403636706.563555479 6.88806 -5.87306 -1.66224 0.78076 -0.25535 0.53779 0.18972
1403636706.763555527 7.02232 -5.97397 -1.67579 0.78445 -0.25767 0.53183 0.18814
1403636706.963555574 7.16917 -6.07255 -1.67016 0.78624 -0.26195 0.52684 0.18880
1403636707.063555479 7.24761 -6.12121 -1.66488 0.78259 -0.26276 0.53082 0.19164
1403636707.263555527 7.41486 -6.21686 -1.64938 0.77982 -0.26722 0.53103 0.19617
1403636707.463555574 7.59376 -6.30718 -1.61028 0.78077 -0.27034 0.52687 0.19931
1403636707.663555384 7.78604 -6.39345 -1.54954 0.78001 -0.27902 0.52714 0.18937
1403636707.763555527 7.88112 -6.43553 -1.53155 0.77953 -0.28338 0.52804 0.18221
1403636707.863555431 7.97627 -6.47913 -1.52401 0.77788 -0.28388 0.53094 0.18006
1403636707.963555574 8.07176 -6.52504 -1.52784 0.77638 -0.28144 0.53441 0.18006
1403636708.063555479 8.16738 -6.57176 -1.54118 0.77608 -0.27665 0.53654 0.18242
1403636708.163555384 8.25689 -6.61618 -1.56163 0.77547 -0.27114 0.53921 0.18541
1403636708.263555527 8.34731 -6.66106 -1.58681 0.77339 -0.27122 0.54342 0.18166
1403636708.363555431 8.43486 -6.70707 -1.61541 0.76825 -0.27760 0.55113 0.17026
1403636708.463555574 8.51997 -6.75586 -1.63938 0.76420 -0.28249 0.55683 0.16167
1403636708.663555384 8.68535 -6.86965 -1.66534 0.76407 -0.27604 0.55705 0.17233
1403636708.763555527 8.75648 -6.92629 -1.68021 0.76564 -0.26731 0.55429 0.18737
1403636708.863555431 8.82521 -6.98780 -1.70659 0.76586 -0.26245 0.55259 0.19804
1403636709.063555479 8.95826 -7.07418 -1.72931 0.76048 -0.26213 0.55559 0.21043
1403636709.263555527 9.08375 -7.14031 -1.73163 0.76273 -0.26760 0.54882 0.21313
1403636709.563555479 9.26912 -7.19733 -1.72949 0.76921 -0.27007 0.53885 0.21219
1403636709.763555527 9.40127 -7.21588 -1.75424 0.77195 -0.26913 0.53633 0.20980
1403636709.963555574 9.54536 -7.22029 -1.76952 0.77202 -0.26550 0.53834 0.20902
1403636710.163555384 9.69716 -7.21065 -1.76911 0.77205 -0.26195 0.54088 0.20681
1403636710.263555527 9.77447 -7.19968 -1.77624 0.77199 -0.26046 0.54277 0.20396
1403636710.363555431 9.85043 -7.18352 -1.79112 0.76961 -0.26525 0.54873 0.19036
1403636710.463555574 9.92865 -7.16541 -1.81125 0.76963 -0.26599 0.55357 0.17457
1403636710.563555479 10.00258 -7.14737 -1.83513 0.77125 -0.26130 0.55794 0.16003
1403636710.663555384 10.07559 -7.13185 -1.86393 0.77363 -0.25203 0.56170 0.14987
1403636710.763555527 10.14049 -7.11970 -1.89411 0.77715 -0.23696 0.56528 0.14266
1403636710.863555431 10.20239 -7.10953 -1.91940 0.78309 -0.21446 0.56651 0.14090
1403636710.963555574 10.26070 -7.09950 -1.93872 0.78872 -0.19302 0.56710 0.13804
1403636711.063555479 10.31640 -7.08806 -1.95169 0.79360 -0.17547 0.56630 0.13684
1403636711.163555384 10.37116 -7.07290 -1.96001 0.79541 -0.16356 0.56736 0.13665
1403636711.263555527 10.42464 -7.05369 -1.96638 0.79597 -0.15735 0.56863 0.13545
1403636711.363555431 10.47509 -7.02932 -1.96948 0.79443 -0.15746 0.57201 0.12997
1403636711.463555574 10.52253 -7.00102 -1.96529 0.78669 -0.15863 0.58295 0.12696
1403636711.563555479 10.56521 -6.96894 -1.95829 0.77948 -0.15789 0.59208 0.13010
1403636711.963555574 10.68330 -6.79937 -1.92184 0.78411 -0.17274 0.58321 0.12325
1403636712.063555479 10.69184 -6.74667 -1.90185 0.78553 -0.18151 0.58079 0.11258
1403636712.263555527 10.70448 -6.64981 -1.85330 0.78698 -0.17227 0.58160 0.11280
1403636712.363555431 10.70404 -6.60181 -1.82221 0.78926 -0.15415 0.58315 0.11507
1403636712.463555574 10.70081 -6.55197 -1.78795 0.79043 -0.13886 0.58565 0.11381
1403636712.563555479 10.69424 -6.49701 -1.74437 0.79111 -0.12761 0.58823 0.10886
1403636712.663555384 10.68565 -6.43660 -1.71577 0.78843 -0.12073 0.59469 0.10073
1403636712.763555527 10.67187 -6.37838 -1.68860 0.78658 -0.11621 0.59924 0.09324
1403636712.863555431 10.65116 -6.31844 -1.66399 0.78881 -0.11362 0.59752 0.08860
1403636713.063555479 10.59551 -6.19083 -1.63361 0.79359 -0.11088 0.59190 0.08707
1403636713.263555527 10.51861 -6.05629 -1.59578 0.79672 -0.11251 0.58826 0.08080
1403636713.463555574 10.43311 -5.92046 -1.50436 0.79922 -0.11575 0.58459 0.07805
1403636713.663555384 10.33606 -5.79153 -1.41979 0.80122 -0.12480 0.58105 0.06967
1403636713.863555431 10.23259 -5.67316 -1.35813 0.80215 -0.13288 0.57855 0.06469
1403636714.063555479 10.12400 -5.57300 -1.31845 0.80328 -0.13010 0.57616 0.07652
1403636714.363555431 9.95507 -5.44746 -1.29306 0.80128 -0.13697 0.57713 0.07819
1403636714.463555574 9.89954 -5.41207 -1.29273 0.80613 -0.13748 0.57031 0.07750
1403636714.563555479 9.84280 -5.37796 -1.30082 0.81180 -0.13363 0.56387 0.07193
1403636714.663555384 9.79090 -5.34169 -1.30589 0.81676 -0.12276 0.56003 0.06472
1403636714.763555527 9.73528 -5.31802 -1.30785 0.82086 -0.10568 0.55854 0.05524
1403636714.863555431 9.68783 -5.29519 -1.30142 0.82324 -0.08122 0.55989 0.04685
1403636714.963555574 9.64423 -5.27287 -1.28904 0.82582 -0.05717 0.55994 0.03497
1403636715.063555479 9.60564 -5.25207 -1.26888 0.82753 -0.03684 0.55968 0.02433
1403636715.163555384 9.56790 -5.23051 -1.24267 0.82902 -0.02175 0.55854 0.01676
1403636715.263555527 9.53431 -5.20895 -1.21550 0.82874 -0.01260 0.55938 0.01089
1403636715.363555431 9.50534 -5.18808 -1.19467 0.82668 -0.00865 0.56259 0.00512
1403636715.463555574 9.48106 -5.16795 -1.18071 0.82256 -0.01053 0.56857 -0.00293
1403636715.563555479 9.45841 -5.14940 -1.17480 0.81901 -0.01824 0.57327 -0.01576
1403636715.763555527 9.41692 -5.12567 -1.17822 0.80952 -0.01589 0.58682 -0.00806
1403636715.863555431 9.39576 -5.11847 -1.18000 0.80409 -0.01337 0.59436 -0.00055
1403636716.063555479 9.33725 -5.10588 -1.16329 0.79938 -0.01411 0.60062 0.00715
1403636716.263555527 9.25686 -5.09294 -1.13288 0.80934 -0.02294 0.58686 0.00584
1403636716.463555574 9.16670 -5.08423 -1.11496 0.81392 -0.02847 0.58021 0.00906
1403636716.763555527 9.03556 -5.07606 -1.13414 0.81307 -0.01433 0.58197 0.00453
1403636716.863555431 8.99025 -5.07376 -1.15076 0.81344 -0.00207 0.58163 -0.00533
1403636716.963555574 8.94262 -5.07015 -1.16180 0.81417 0.01548 0.58015 -0.01762
1403636717.063555479 8.89387 -5.06737 -1.16543 0.81382 0.03553 0.57920 -0.03090
1403636717.163555384 8.84269 -5.06500 -1.16289 0.81293 0.05411 0.57835 -0.04155
1403636717.263555527 8.79064 -5.06384 -1.15738 0.81201 0.06946 0.57760 -0.04684
1403636717.363555431 8.73855 -5.06258 -1.15084 0.81066 0.08462 0.57777 -0.04300
1403636717.563555479 8.63423 -5.04979 -1.14210 0.80879 0.09677 0.57853 -0.04235
1403636717.763555527 8.52357 -5.02007 -1.15807 0.80879 0.09578 0.57837 -0.04672
1403636717.963555574 8.40926 -4.97079 -1.17429 0.80741 0.11374 0.57664 -0.05137
1403636718.063555479 8.34933 -4.93625 -1.17170 0.80583 0.12687 0.57516 -0.06109
1403636718.163555384 8.29051 -4.89570 -1.16427 0.80425 0.13836 0.57253 -0.07897
1403636718.263555527 8.22868 -4.85307 -1.16212 0.80309 0.14821 0.56939 -0.09420
1403636718.363555431 8.16599 -4.80810 -1.16706 0.80200 0.15706 0.56628 -0.10705
1403636718.463555574 8.10310 -4.76103 -1.17870 0.80074 0.16654 0.56256 -0.12088
1403636718.563555479 8.04047 -4.71416 -1.19577 0.79852 0.17614 0.55971 -0.13445
1403636718.663555384 7.98143 -4.67416 -1.22649 0.79793 0.18092 0.55533 -0.14892
1403636718.763555527 7.92615 -4.62406 -1.23672 0.79712 0.18576 0.55213 -0.15890
1403636718.863555431 7.88040 -4.58763 -1.26699 0.79495 0.19647 0.55248 -0.15561
1403636719.063555479 7.78870 -4.52304 -1.30397 0.78908 0.21023 0.55792 -0.14793
1403636719.263555527 7.69901 -4.45734 -1.31135 0.78167 0.20940 0.56802 -0.14996
1403636719.463555574 7.60049 -4.39070 -1.32973 0.77878 0.20301 0.57305 -0.15459
1403636719.663555384 7.49601 -4.34175 -1.37080 0.78532 0.19917 0.56585 -0.15305
1403636719.863555431 7.38186 -4.29317 -1.37739 0.79179 0.19422 0.55957 -0.14911
1403636720.163555384 7.22379 -4.24064 -1.37883 0.79568 0.19027 0.55639 -0.14535
1403636720.363555431 7.13010 -4.21444 -1.40353 0.79559 0.18982 0.55619 -0.14714
1403636720.563555479 7.04567 -4.19751 -1.43359 0.79584 0.19068 0.55452 -0.15093
1403636720.963555574 6.89726 -4.18163 -1.43080 0.79908 0.17502 0.55837 -0.13805
1403636721.063555479 6.86176 -4.18240 -1.43622 0.79975 0.16255 0.56237 -0.13310
1403636721.163555384 6.82995 -4.18543 -1.44457 0.80067 0.14853 0.56689 -0.12450
1403636721.263555527 6.79862 -4.19033 -1.45145 0.80097 0.13408 0.57169 -0.11677
1403636721.363555431 6.76721 -4.19663 -1.45291 0.80256 0.12379 0.57340 -0.10860
1403636721.463555574 6.73645 -4.20486 -1.44662 0.80341 0.11660 0.57491 -0.10205
1403636721.563555479 6.70359 -4.21376 -1.43778 0.80559 0.10913 0.57475 -0.09367
1403636721.663555384 6.66999 -4.22276 -1.43386 0.80796 0.10231 0.57405 -0.08486
1403636721.863555431 6.60238 -4.24397 -1.44447 0.80825 0.09594 0.57592 -0.07643
1403636722.163555384 6.49543 -4.27324 -1.46742 0.80779 0.10256 0.57626 -0.06983
1403636722.563555479 6.34535 -4.29655 -1.46168 0.80931 0.09491 0.57525 -0.07137
1403636722.863555431 6.23238 -4.30603 -1.48346 0.81038 0.09257 0.57527 -0.06144
1403636723.263555527 6.07944 -4.30201 -1.45476 0.81108 0.08786 0.57441 -0.06690
1403636723.463555574 6.00740 -4.29633 -1.45342 0.80972 0.08411 0.57826 -0.05383
1403636723.563555479 5.97334 -4.29104 -1.44945 0.80474 0.07255 0.58707 -0.04985
1403636723.663555384 5.93893 -4.28421 -1.44095 0.80118 0.06183 0.59331 -0.04756
1403636723.763555527 5.90115 -4.27628 -1.42908 0.80656 0.05505 0.58704 -0.04267
1403636723.863555431 5.85924 -4.26779 -1.41804 0.81189 0.04866 0.58035 -0.04070
1403636723.963555574 5.81888 -4.25806 -1.41246 0.81681 0.04344 0.57394 -0.03918
1403636724.063555479 5.77590 -4.24971 -1.41206 0.82155 0.03711 0.56791 -0.03413
1403636724.163555384 5.73726 -4.24400 -1.41464 0.82414 0.02738 0.56516 -0.02528
1403636724.263555527 5.69607 -4.23916 -1.42214 0.82517 0.01316 0.56452 -0.01582
1403636724.363555431 5.65867 -4.23512 -1.43109 0.82334 -0.00169 0.56753 -0.00348
1403636724.463555574 5.62392 -4.23047 -1.43635 0.82024 -0.01613 0.57175 0.00739
1403636724.563555479 5.59074 -4.22408 -1.43533 0.81688 -0.02578 0.57601 0.01608
1403636724.763555527 5.52951 -4.20679 -1.41259 0.81605 -0.03707 0.57627 0.02446
1403636725.163555384 5.42057 -4.16401 -1.28038 0.81882 -0.04403 0.57226 0.01091
1403636725.663555384 5.31448 -4.13774 -1.13545 0.81884 -0.03647 0.57255 0.01894
1403636726.363555431 5.19337 -4.10944 -1.14155 0.81626 -0.03143 0.57661 0.01603
1403636726.663555384 5.14683 -4.09459 -1.11236 0.81182 -0.04332 0.58223 -0.00880
1403636726.963555574 5.09467 -4.10811 -1.03044 0.81125 -0.02455 0.58415 0.00548
1403636727.363555431 5.00389 -4.13580 -0.91007 0.81374 -0.00825 0.58093 0.01693
1403636727.863555431 4.87320 -4.11207 -0.78051 0.81292 -0.00757 0.58205 0.01794
1403636728.263555527 4.74215 -4.04300 -0.66246 0.81057 -0.01196 0.58536 0.01394
1403636728.463555574 4.66254 -3.98901 -0.63107 0.81083 -0.01943 0.58494 0.00442
1403636728.663555384 4.57999 -3.94689 -0.62139 0.81153 -0.02067 0.58391 -0.00676
1403636728.763555527 4.53955 -3.92761 -0.61292 0.81164 -0.00589 0.58411 -0.00520
1403636728.863555431 4.49207 -3.90794 -0.59815 0.81167 0.01083 0.58396 -0.00766
1403636728.963555574 4.45077 -3.88806 -0.58220 0.81007 0.02339 0.58574 -0.01246
1403636729.063555479 4.40934 -3.86898 -0.56932 0.80796 0.03275 0.58809 -0.01706
1403636729.263555527 4.32041 -3.82822 -0.56320 0.80899 0.04161 0.58579 -0.02573
1403636729.463555574 4.22445 -3.78239 -0.57064 0.80843 0.04447 0.58623 -0.02844
1403636729.763555527 4.06248 -3.70684 -0.53922 0.81067 0.04381 0.58307 -0.03027
1403636729.963555574 3.95156 -3.65498 -0.51874 0.81572 0.04242 0.57613 -0.02971
1403636730.263555527 3.79078 -3.57390 -0.52197 0.81816 0.04266 0.57256 -0.03114
1403636730.463555574 3.69223 -3.52111 -0.53932 0.82100 0.04265 0.56836 -0.03329
1403636730.563555479 3.64738 -3.49498 -0.54053 0.82556 0.04337 0.56169 -0.03282
1403636730.763555527 3.57133 -3.43937 -0.51882 0.82924 0.04352 0.55620 -0.03335
1403636730.963555574 3.51098 -3.38247 -0.47340 0.82978 0.03707 0.55526 -0.04224
1403636731.063555479 3.48774 -3.35663 -0.45627 0.82614 0.02896 0.56028 -0.05241
1403636731.163555384 3.46936 -3.33539 -0.44261 0.81945 0.02425 0.56975 -0.05749
1403636731.363555431 3.44066 -3.30913 -0.43173 0.81360 0.03166 0.57890 -0.04389
1403636732.063555479 3.35373 -3.30682 -0.53467 0.81276 0.03748 0.58009 -0.03887
1403636732.463555574 3.29131 -3.33318 -0.62250 0.80796 0.04839 0.58663 -0.02684
1403636732.563555479 3.26693 -3.33811 -0.62606 0.80382 0.05727 0.59193 -0.01483
1403636732.863555431 3.16150 -3.32197 -0.60490 0.79919 0.05202 0.59824 -0.02634
1403636733.063555479 3.07039 -3.29622 -0.59657 0.80455 0.05161 0.59093 -0.02899
1403636733.363555431 2.91379 -3.24314 -0.55314 0.80979 0.05350 0.58351 -0.03001
1403636733.563555479 2.80690 -3.19826 -0.50058 0.81474 0.05108 0.57652 -0.03497
1403636733.863555431 2.64773 -3.12596 -0.45080 0.81879 0.05202 0.57062 -0.03561
1403636734.063555479 2.54384 -3.07511 -0.44044 0.81333 0.05498 0.57840 -0.03056
1403636734.363555431 2.38529 -2.98895 -0.41559 0.81298 0.05094 0.57884 -0.03747
1403636734.563555479 2.27906 -2.92231 -0.36739 0.81722 0.05127 0.57259 -0.04072
1403636734.863555431 2.12658 -2.85099 -0.34699 0.81998 0.05568 0.56819 -0.04120
1403636735.163555384 1.99313 -2.77151 -0.36181 0.81982 0.05482 0.56824 -0.04461
1403636735.663555384 1.82984 -2.64561 -0.26945 0.81916 0.04327 0.57055 -0.03972
1403636736.163555384 1.71518 -2.53935 -0.16894 0.81475 0.05324 0.57558 -0.04536
1403636736.263555527 1.69039 -2.51954 -0.14409 0.81240 0.06350 0.57718 -0.05320
1403636736.363555431 1.67226 -2.50302 -0.12040 0.81112 0.07328 0.57737 -0.05788
1403636736.563555479 1.63840 -2.47194 -0.09004 0.80827 0.09189 0.57898 -0.05508
1403636736.863555431 1.56727 -2.39134 -0.07475 0.80586 0.10120 0.58078 -0.05513
1403636737.063555479 1.50967 -2.32693 -0.08496 0.80676 0.09997 0.57873 -0.06489
1403636737.263555527 1.44704 -2.25772 -0.10613 0.80707 0.09891 0.57711 -0.07615
1403636737.463555574 1.37852 -2.18659 -0.12529 0.81171 0.10311 0.56948 -0.07866
1403636737.663555384 1.31548 -2.11662 -0.11357 0.81495 0.10171 0.56416 -0.08514
1403636737.863555431 1.26522 -2.05719 -0.07792 0.81733 0.09577 0.56053 -0.09275
1403636738.163555384 1.22414 -2.00974 0.03007 0.81585 0.09536 0.56367 -0.08702
1403636738.563555479 1.20594 -1.96306 0.12512 0.81877 0.08457 0.56277 -0.07590
1403636738.663555384 1.22431 -1.95852 0.13015 0.82133 0.07167 0.56173 -0.06881
1403636738.763555527 1.23035 -1.95904 0.13055 0.82091 0.05363 0.56538 -0.05989
1403636738.863555431 1.24377 -1.95715 0.11798 0.81886 0.03111 0.57089 -0.05082
1403636738.963555574 1.25218 -1.96096 0.10360 0.81794 0.00635 0.57385 -0.04048
1403636739.063555479 1.26152 -1.96968 0.08303 0.81704 -0.02084 0.57544 -0.02957
1403636739.163555384 1.26522 -1.98815 0.05777 0.81665 -0.04249 0.57550 -0.00889
1403636739.263555527 1.28104 -1.99803 0.02824 0.81529 -0.06244 0.57547 0.01537
1403636739.363555431 1.28394 -2.02209 -0.00389 0.81343 -0.07999 0.57460 0.04202
1403636739.463555574 1.28940 -2.03802 -0.02766 0.81143 -0.09848 0.57254 0.06389
1403636739.563555479 1.28772 -2.05569 -0.04752 0.80839 -0.11950 0.57122 0.07704
1403636739.663555384 1.29861 -2.08114 -0.05189 0.80660 -0.13498 0.56910 0.08552
1403636739.763555527 1.30424 -2.10272 -0.05798 0.80453 -0.14590 0.56882 0.08884
1403636739.963555574 1.31585 -2.13970 -0.07201 0.80324 -0.15376 0.56804 0.09210
1403636740.263555527 1.33452 -2.20610 -0.15340 0.80492 -0.13971 0.56722 0.10411
1403636740.663555384 1.33776 -2.27419 -0.27785 0.80247 -0.13936 0.57367 0.08678
1403636741.063555479 1.32192 -2.34032 -0.37949 0.80321 -0.12347 0.57375 0.10210
1403636741.263555527 1.30237 -2.36105 -0.46617 0.79760 -0.13945 0.57746 0.10452
1403636741.363555431 1.28996 -2.36812 -0.51938 0.79903 -0.15047 0.57359 0.09953
1403636741.463555574 1.27600 -2.37467 -0.56735 0.80285 -0.15776 0.56648 0.09824
1403636741.563555479 1.26355 -2.38183 -0.60960 0.80846 -0.16448 0.55712 0.09466
1403636741.963555574 1.23833 -2.42179 -0.71459 0.80713 -0.15034 0.56020 0.11005
1403636742.163555384 1.24099 -2.44333 -0.78196 0.81510 -0.14518 0.55069 0.10615
1403636742.463555574 1.27077 -2.46884 -0.83234 0.80927 -0.14451 0.56181 0.09256
1403636742.763555527 1.31419 -2.49696 -0.85717 0.80271 -0.13927 0.57270 0.09095
1403636743.063555479 1.34820 -2.52802 -0.94783 0.80463 -0.14497 0.56870 0.09013
1403636743.163555384 1.35548 -2.54024 -0.98740 0.81484 -0.15385 0.55165 0.08974
1403636743.263555527 1.36545 -2.55360 -1.02233 0.82342 -0.15903 0.53691 0.09175
1403636743.563555479 1.43514 -2.60938 -1.07923 0.81816 -0.16600 0.54240 0.09416
1403636743.763555527 1.50638 -2.66023 -1.13061 0.80769 -0.16055 0.55740 0.10571
1403636743.963555574 1.58362 -2.71279 -1.20497 0.79851 -0.16957 0.56627 0.11383
1403636744.163555384 1.66508 -2.76400 -1.30157 0.79346 -0.17961 0.56807 0.12433
1403636744.363555431 1.74065 -2.80939 -1.42294 0.78816 -0.19396 0.57082 0.12390
1403636744.663555384 1.83652 -2.87598 -1.64158 0.78221 -0.20485 0.57808 0.10960
1403636744.863555431 1.87722 -2.92977 -1.79664 0.78399 -0.19507 0.57641 0.12273
1403636744.963555574 1.88935 -2.95688 -1.86576 0.78878 -0.19204 0.57036 0.12504
1403636745.063555479 1.90028 -2.98293 -1.92519 0.79409 -0.19028 0.56396 0.12310
1403636745.163555384 1.91124 -3.00807 -1.97623 0.79834 -0.18951 0.55937 0.11765
1403636745.463555574 1.95294 -3.08099 -2.07930 0.79424 -0.17361 0.57014 0.11827
1403636745.663555384 1.97737 -3.12426 -2.10643 0.78961 -0.17718 0.57479 0.12137
1403636745.863555431 1.99831 -3.15852 -2.10251 0.78884 -0.18342 0.57109 0.13393
1403636745.963555574 2.00783 -3.17192 -2.09486 0.78823 -0.18614 0.56895 0.14264
1403636746.163555384 2.02737 -3.18321 -2.06118 0.78804 -0.19003 0.56424 0.15656
1403636746.363555431 2.04691 -3.17254 -2.00767 0.77484 -0.19173 0.58021 0.16191
1403636746.563555479 2.05911 -3.13548 -1.98320 0.78245 -0.19803 0.57090 0.15042
1403636746.663555384 2.06422 -3.11236 -1.98547 0.79555 -0.20297 0.55398 0.13788
1403636746.763555527 2.07099 -3.08789 -1.99153 0.80457 -0.20921 0.54208 0.12267
1403636746.863555431 2.08187 -3.06750 -1.99853 0.80544 -0.21262 0.54170 0.11232
1403636747.063555479 2.11080 -3.04062 -1.99915 0.80171 -0.20561 0.54945 0.11444
1403636747.163555384 2.12948 -3.03432 -1.98645 0.79791 -0.19882 0.55539 0.12392
1403636747.363555431 2.18195 -3.02331 -1.93242 0.79420 -0.19138 0.56003 0.13776
1403636747.863555431 2.32743 -2.95494 -1.79139 0.79313 -0.20385 0.55609 0.14196
1403636747.963555574 2.34941 -2.93032 -1.75335 0.78836 -0.21473 0.56139 0.13121
1403636748.063555479 2.37685 -2.91227 -1.71401 0.78498 -0.22443 0.56450 0.12159
1403636748.363555431 2.45683 -2.88577 -1.63066 0.78921 -0.21688 0.55776 0.13787
1403636748.663555384 2.53051 -2.87650 -1.55492 0.78750 -0.21279 0.56058 0.14254
1403636748.863555431 2.57699 -2.87205 -1.49991 0.78352 -0.22418 0.56459 0.13071
1403636749.163555384 2.63260 -2.88316 -1.44602 0.77764 -0.23845 0.56815 0.12501
1403636749.363555431 2.65121 -2.91120 -1.40671 0.77917 -0.23046 0.56497 0.14347
1403636749.563555479 2.65778 -2.94319 -1.34601 0.78240 -0.21972 0.56058 0.15915
1403636749.763555527 2.66651 -2.96915 -1.29398 0.78085 -0.21473 0.56397 0.16154
1403636749.863555431 2.67344 -2.98023 -1.27800 0.77581 -0.21386 0.57195 0.15894
1403636750.063555479 2.67690 -2.98579 -1.25965 0.77208 -0.20950 0.57989 0.15405
1403636750.263555527 2.66070 -2.97569 -1.24464 0.77851 -0.20670 0.57383 0.14801
1403636750.463555574 2.63636 -2.95559 -1.19800 0.78454 -0.20323 0.56835 0.14204
1403636750.663555384 2.60904 -2.93021 -1.10839 0.78700 -0.19631 0.56802 0.13944
1403636750.963555574 2.56222 -2.87993 -0.92596 0.79237 -0.18981 0.56264 0.13985
1403636751.363555431 2.50241 -2.78725 -0.70818 0.80008 -0.19905 0.54991 0.13362
1403636751.563555479 2.48060 -2.73420 -0.61872 0.79105 -0.20718 0.56272 0.12109
1403636751.763555527 2.47066 -2.70438 -0.52587 0.79581 -0.20388 0.56005 0.10709
1403636751.963555574 2.45426 -2.69180 -0.45049 0.80681 -0.19234 0.54760 0.11045
1403636752.163555384 2.45857 -2.70252 -0.38710 0.80505 -0.18254 0.55214 0.11709
1403636752.263555527 2.46246 -2.71010 -0.36171 0.80091 -0.17524 0.56092 0.11493
1403636752.363555431 2.47066 -2.71568 -0.32825 0.79713 -0.16431 0.57074 0.10885
1403636752.463555574 2.47770 -2.71876 -0.28986 0.79817 -0.15021 0.57499 0.09873
1403636752.563555479 2.48387 -2.72448 -0.24939 0.80202 -0.13271 0.57570 0.08782
1403636752.663555384 2.48319 -2.73778 -0.21129 0.80713 -0.11405 0.57427 0.07580
1403636752.763555527 2.48462 -2.73989 -0.17834 0.81029 -0.09547 0.57484 0.06224
1403636752.863555431 2.48493 -2.74671 -0.15554 0.81381 -0.07429 0.57411 0.05088
1403636752.963555574 2.48346 -2.75142 -0.13754 0.81519 -0.05006 0.57547 0.04226
1403636753.063555479 2.48023 -2.75474 -0.12627 0.81704 -0.02590 0.57511 0.03203
1403636753.163555384 2.47594 -2.75205 -0.11961 0.81794 -0.00231 0.57497 0.01928
1403636753.263555527 2.47521 -2.74789 -0.12379 0.81807 0.02210 0.57465 0.00710
1403636753.363555431 2.47664 -2.73604 -0.13223 0.81626 0.04557 0.57588 -0.00384
1403636753.463555574 2.46396 -2.73199 -0.13751 0.81455 0.05754 0.57692 -0.01909
1403636753.563555479 2.46485 -2.70536 -0.13789 0.81371 0.06261 0.57700 -0.03210
1403636753.663555384 2.46095 -2.68294 -0.12955 0.81228 0.06490 0.57830 -0.03949
1403636754.163555384 2.42008 -2.57067 -0.11845 0.80543 0.05903 0.58859 -0.03691
1403636754.563555479 2.34132 -2.45321 -0.05532 0.80459 0.06702 0.58908 -0.03368
1403636754.663555384 2.31284 -2.41412 -0.04461 0.80496 0.07791 0.58683 -0.04009
1403636754.763555527 2.28028 -2.37327 -0.03857 0.80410 0.09058 0.58534 -0.05087
1403636754.863555431 2.24247 -2.33446 -0.03745 0.80289 0.10289 0.58400 -0.06100
1403636754.963555574 2.20330 -2.29228 -0.03719 0.80155 0.11259 0.58323 -0.06845
1403636755.063555479 2.16605 -2.25238 -0.04700 0.80064 0.11992 0.58247 -0.07303
1403636755.163555384 2.12043 -2.21081 -0.05061 0.80067 0.12410 0.58099 -0.07728
1403636755.363555431 2.02497 -2.12464 -0.03748 0.80845 0.12791 0.56883 -0.08046
1403636755.463555574 1.97608 -2.08178 -0.02052 0.81341 0.12869 0.56169 -0.07939
1403636755.763555527 1.85002 -1.93522 0.01230 0.81131 0.12517 0.56579 -0.07735
1403636755.963555574 1.76987 -1.82886 0.01172 0.80693 0.12159 0.57241 -0.08015
1403636756.163555384 1.68918 -1.71767 0.02390 0.80434 0.12177 0.57602 -0.08009
1403636756.363555431 1.60325 -1.60159 0.05075 0.80284 0.12224 0.57779 -0.08159
1403636756.563555479 1.51464 -1.48822 0.05926 0.80178 0.12393 0.57875 -0.08273
1403636756.763555527 1.41543 -1.37579 0.05796 0.79986 0.12485 0.58083 -0.08523
1403636756.963555574 1.30353 -1.27004 0.07706 0.79982 0.12551 0.58036 -0.08786
1403636757.163555384 1.17507 -1.16113 0.10519 0.80014 0.12553 0.57957 -0.09004
1403636757.363555431 1.04738 -1.06617 0.10565 0.80079 0.12787 0.57846 -0.08814
1403636757.563555479 0.91241 -0.96619 0.09959 0.80564 0.13660 0.57015 -0.08495
1403636757.663555384 0.84176 -0.91040 0.10728 0.81147 0.14416 0.55958 -0.08721
1403636757.763555527 0.77449 -0.85709 0.11678 0.81676 0.15034 0.54950 -0.09134
1403636757.863555431 0.71660 -0.80013 0.14094 0.81939 0.15473 0.54353 -0.09613
1403636757.963555574 0.66489 -0.73829 0.17201 0.81744 0.15652 0.54487 -0.10206
1403636758.063555479 0.61856 -0.67359 0.20566 0.80855 0.15727 0.55684 -0.10698
1403636758.163555384 0.56591 -0.60211 0.23431 0.80157 0.15635 0.56619 -0.11161
1403636758.263555527 0.51700 -0.53481 0.25175 0.79754 0.15559 0.57146 -0.11473
1403636758.463555574 0.42048 -0.41032 0.26369 0.80686 0.15181 0.55796 -0.12089
1403636758.563555479 0.37486 -0.35549 0.24853 0.82000 0.14600 0.53825 -0.12872
1403636758.663555384 0.33320 -0.29405 0.25483 0.82618 0.14221 0.52867 -0.13310
1403636758.763555527 0.30435 -0.24479 0.24773 0.81774 0.14260 0.54219 -0.13035
1403636758.863555431 0.28987 -0.20190 0.24027 0.80805 0.14361 0.55666 -0.12866
1403636758.963555574 0.28106 -0.16198 0.22760 0.80179 0.14747 0.56601 -0.12257
1403636759.063555479 0.27101 -0.12397 0.21372 0.79912 0.14715 0.56968 -0.12339
1403636759.163555384 0.26044 -0.08927 0.19654 0.79938 0.13650 0.56833 -0.13915
1403636759.263555527 0.24743 -0.05897 0.17798 0.80025 0.12528 0.56537 -0.15579
1403636759.463555574 0.23176 -0.02943 0.12644 0.79772 0.13845 0.57017 -0.13920
1403636759.563555479 0.22444 -0.02318 0.09597 0.79627 0.14702 0.57259 -0.12840
1403636759.663555384 0.21399 -0.02122 0.07191 0.79528 0.15363 0.57388 -0.12081
1403636759.863555431 0.18756 -0.02074 0.05365 0.79481 0.15615 0.57417 -0.11929
1403636759.963555574 0.17109 -0.02368 0.05038 0.80097 0.15758 0.56552 -0.11750
1403636760.063555479 0.15421 -0.02507 0.04212 0.80627 0.15667 0.55805 -0.11819
1403636760.163555384 0.13690 -0.02734 0.03283 0.81088 0.15771 0.55147 -0.11609
1403636760.363555431 0.10932 -0.03083 0.01568 0.79808 0.15447 0.56985 -0.12032
1403636760.563555479 0.09493 -0.03318 -0.02045 0.79842 0.15865 0.56924 -0.11537
1403636760.663555384 0.07819 -0.03964 -0.03480 0.80354 0.16187 0.56185 -0.11156
1403636760.763555527 0.06407 -0.03964 -0.04984 0.80491 0.16501 0.55960 -0.10833
1403636760.963555574 0.04536 -0.02776 -0.07889 0.79915 0.16768 0.56729 -0.10689
1403636761.063555479 0.02968 -0.02259 -0.09254 0.80429 0.16632 0.55988 -0.10950
1403636761.163555384 0.02175 -0.00495 -0.10842 0.81248 0.16591 0.54776 -0.11092
1403636761.263555527 0.00707 0.00056 -0.12058 0.81873 0.16702 0.53820 -0.11011
1403636761.363555431 0.00355 0.01645 -0.12906 0.81781 0.16716 0.53950 -0.11037
1403636761.463555574 0.00486 0.03421 -0.13191 0.80948 0.16597 0.55200 -0.11175
1403636761.563555479 0.00874 0.05338 -0.13098 0.80203 0.16371 0.56298 -0.11400
1403636761.663555384 0.01169 0.07201 -0.12863 0.79867 0.15943 0.56799 -0.11876
1403636761.763555527 0.01507 0.09042 -0.12282 0.79875 0.15125 0.56781 -0.12929
1403636761.863555431 0.01649 0.10587 -0.12334 0.79941 0.14601 0.56676 -0.13569
1403636762.063555479 0.02028 0.11997 -0.10166 0.79751 0.15872 0.57055 -0.11517
1403636762.163555384 0.02022 0.12544 -0.09188 0.79592 0.17080 0.57266 -0.09698
1403636762.263555527 0.01700 0.13488 -0.08459 0.80307 0.17268 0.56268 -0.09302
1403636762.363555431 0.01357 0.14901 -0.08393 0.81228 0.16992 0.54965 -0.09600
1403636762.463555574 0.01292 0.16811 -0.09160 0.81634 0.16268 0.54397 -0.10594
1403636762.563555479 0.01591 0.18964 -0.10610 0.81316 0.14503 0.54828 -0.13091
1403636762.663555384 0.02244 0.20812 -0.12860 0.80741 0.13169 0.55525 -0.14982
1403636762.763555527 0.03255 0.21992 -0.15910 0.80241 0.13752 0.56300 -0.14232
1403636762.863555431 0.03890 0.22219 -0.17890 0.78252 0.13635 0.58986 -0.14539
1403636762.963555574 0.02769 0.20721 -0.18331 0.79292 0.14451 0.57895 -0.12336
1403636763.063555479 0.01640 0.18719 -0.19296 0.80294 0.11895 0.57167 -0.11969
1403636763.163555384 0.00851 0.17651 -0.19190 0.79045 0.10076 0.59253 -0.11806
1403636763.263555527 0.00813 0.17398 -0.20005 0.80095 0.09705 0.57877 -0.11866
